id	type	index	level	star_reward_condition	star_reward	name	des	notice
40101000	1	1	1	9|18|24	2_31002001_10&2_31003041_1&8_1000021_1_1			0
40102000	1	2	9	9|18|24	2_31002010_10|2_31002001_10|2_31002003_10&2_31003041_2&8_1000027_1_1			0
40103000	1	3	13	9|18|24	2_31002003_10&2_31003041_2&8_1000134_1_1			1
40104000	1	4	25	9|18|24	2_31002001_10&2_31003042_2&8_1000231_1_1			1
40105000	1	5	35	9|18|24	2_31002010_10&2_31003043_2&8_1000237_1_1			1
40106000	1	6	43	9|18|24	2_31002003_10&2_31003044_2&8_1000241_1_1			1
40107000	1	7	47	9|18|24	2_31002001_10&2_31003044_2&8_1000244_1_1			1
40108000	1	8	53	9|18|24	2_31002010_10&2_31003045_2&8_1000247_1_1			1
40109000	1	9	56	9|18|24	2_31002003_10&2_31003046_2&8_1000351_1_1			1
40110000	1	10	64	9|18|24	2_31002001_10&2_31003046_2&8_1000354_1_1			1
40111000	1	11	68	9|18|24	2_31002010_10&2_31003047_2&8_1000357_1_1			1
40112000	1	12	71	9|18|24	2_31002003_10&2_31003047_2&8_1100151_1_1			1
40113000	1	13	74	9|18|24	2_31002001_10&2_31003047_2&8_1100251_1_1			1
40201000	2	1	12	9|18|24	4_10&4_15&4_20			0
40202000	2	2	15	9|18|24	4_10&4_15&4_20			0
40203000	2	3	13	9|18|24	4_10&4_15&4_20			1
40204000	2	4	25	9|18|24	4_10&4_15&4_20			1
40205000	2	5	35	9|18|24	4_10&4_15&4_20			1
40206000	2	6	43	9|18|24	4_10&4_15&4_20			1
40207000	2	7	47	9|18|24	4_10&4_15&4_20			1
40208000	2	8	53	9|18|24	4_10&4_15&4_20			1
40209000	2	9	56	9|18|24	4_10&4_15&4_20			1
40210000	2	10	64	9|18|24	4_10&4_15&4_20			1
40211000	2	11	68	9|18|24	4_10&4_15&4_20			1
40212000	2	12	71	9|18|24	4_10&4_15&4_20			1
40213000	2	13	74	9|18|24	4_10&4_15&4_20			1
