id	grade	old	zodiac	blood_type	height	weight	chest	cup	waist	hips
11100000	10	16	9	4	O	158	43	78	2	B	57	80
11080000	11	17	2	1	A	167	49	83	1	A	58	85
11050000	9	15	5	1	A	160	43	75	1	A	57	80
11140000	8	14	12	4	O	141	30	65	1	A	51	68
11110000	11	17	11	3	AB	164	46	77	3	C	55	79
11030000	12	18	7	2	B	171	52	90	5	E	59	86
11020000	11	17	6	1	A	163	47.5	83	3	C	58	85
11130000	9	15	1	4	O	155	39	74	1	A	54	78
11070000	10	16	1	2	B	162	48	81	2	B	57	84
11090000	10	16	3	2	B	160	41	76	2	B	56	79
11010000	7	13	9	1	A	140	35	65	1	A	52	68
11120000	8	14	3	4	O	144	35	70	1	A	55	69
11060000	8	14	8	4	O	160	43	75	1	A	57	80
11040000	12	18	11	4	O	168	52	85	4	D	58	87
11150000	12	18	4	3	AB	161	45	89	2	B	59	85
