id	name	equip_type	weapon_type	job	color	advanced_limit	hurt_type	only	animation	data_view	sell	notice
1000011	96300011	1	1	1	1	8	light	0	gun_charanimation_01	1|4|6	1	0
1000014	96300014	1	4	2	1	8	middle	0	gun_charanimation_02	1|4|6	1	0
1000017	96300017	1	7	3	1	8	heavy	0	gun_charanimation_03	1|4|6	1	0
1000021	96300021	1	1	1	2	8	light	0	gun_charanimation_01	1|4|6	1	0
1000024	96300024	1	4	2	2	8	middle	0	gun_charanimation_02	1|4|6	1	0
1000027	96300027	1	7	3	2	8	heavy	0	gun_charanimation_03	1|4|6	1	0
1000121	96300121	1	1	1	2	8	light	0	gun_charanimation_01	1|4|6	1	0
1000124	96300124	1	4	2	2	8	middle	0	gun_charanimation_02	1|4|6	1	0
1000127	96300127	1	7	3	2	8	heavy	0	gun_charanimation_03	1|4|6	1	0
1000131	96300131	1	1	1	3	8	light	0	gun_charanimation_01	1|4|6	1	0
1000134	96300134	1	4	2	3	8	middle	0	gun_charanimation_02	1|4|6	1	0
1000137	96300137	1	7	3	3	8	heavy	0	gun_charanimation_03	1|4|6	1	0
1000231	96300231	1	1	1	3	8	light	0	gun_charanimation_01	1|4|6	1	0
1000234	96300234	1	4	2	3	8	middle	0	gun_charanimation_02	1|4|6	1	0
1000237	96300237	1	7	3	3	8	heavy	0	gun_charanimation_03	1|4|6	1	0
1000241	96300241	1	1	1	4	8	light	0	gun_charanimation_01	1|4|6	1	1
1000244	96300244	1	4	2	4	8	middle	0	gun_charanimation_02	1|4|6	1	1
1000247	96300247	1	7	3	4	8	heavy	0	gun_charanimation_03	1|4|6	1	1
1000341	96300341	1	1	1	4	8	light	0	gun_charanimation_01	1|4|6	1	1
1000344	96300344	1	4	2	4	8	middle	0	gun_charanimation_02	1|4|6	1	1
1000347	96300347	1	7	3	4	8	heavy	0	gun_charanimation_03	1|4|6	1	1
1000351	96300351	1	1	1	5	8	light	0	gun_charanimation_01	1|4|6	1	1
1000354	96300354	1	4	2	5	8	middle	0	gun_charanimation_02	1|4|6	1	1
1000357	96300357	1	7	3	5	8	heavy	0	gun_charanimation_03	1|4|6	1	1
1100011	96400011	2	0	0	1	8	normal	0		1	1	0
1100012	96400012	2	0	0	1	8	normal	0		2	1	0
1100013	96400013	2	0	0	1	8	normal	0		3	1	0
1100014	96400014	2	0	0	1	8	normal	0		1|2|3	1	0
1100021	96400021	2	0	0	2	8	normal	0		1	1	0
1100022	96400022	2	0	0	2	8	normal	0		2	1	0
1100023	96400023	2	0	0	2	8	normal	0		3	1	0
1100024	96400024	2	0	0	2	8	normal	0		1|2|3	1	0
1100121	96400121	2	0	0	2	8	normal	0		1	1	0
1100131	96400131	2	0	0	3	8	normal	0		1	1	0
1100141	96400141	2	0	0	4	8	normal	0		1	1	1
1100151	96400151	2	0	0	5	8	normal	0		1	1	1
1100222	96400222	2	0	0	2	8	normal	0		2	1	0
1100232	96400232	2	0	0	3	8	normal	0		2	1	0
1100242	96400242	2	0	0	4	8	normal	0		2	1	1
1100252	96400252	2	0	0	5	8	normal	0		2	1	1
1100323	96400323	2	0	0	2	8	normal	0		3	1	0
1100333	96400333	2	0	0	3	8	normal	0		3	1	0
1100343	96400343	2	0	0	4	8	normal	0		3	1	1
1100353	96400353	2	0	0	5	8	normal	0		3	1	1
1100424	96400424	2	0	0	2	8	normal	0		1|2|3	1	0
1100434	96400434	2	0	0	3	8	normal	0		1|2|3	1	0
1100444	96400444	2	0	0	4	8	normal	0		1|2|3	1	1
1100454	96400454	2	0	0	5	8	normal	0		1|2|3	1	1
1100524	96400524	2	0	0	2	8	normal	0		1|2|3	1	0
1100534	96400534	2	0	0	3	8	normal	0		1|2|3	1	0
1100544	96400544	2	0	0	4	8	normal	0		1|2|3	1	1
1100554	96400554	2	0	0	5	8	normal	0		1|2|3	1	1
1100624	96400624	2	0	0	2	8	normal	0		1|2|3	1	0
1100634	96400634	2	0	0	3	8	normal	0		1|2|3	1	0
1100644	96400644	2	0	0	4	8	normal	0		1|2|3	1	1
1100654	96400654	2	0	0	5	8	normal	0		1|2|3	1	1
2000031	97300031	1	1	1	3	8	light	0	gun_charanimation_01	1|4|6	1	0
2000034	97300034	1	4	2	3	8	middle	0	gun_charanimation_02	1|4|6	1	0
2000037	97300037	1	7	3	3	8	heavy	0	gun_charanimation_03	1|4|6	1	0
2000041	97300041	1	1	1	4	8	light	0	gun_charanimation_01	1|4|6	1	1
2000044	97300044	1	4	2	4	8	middle	0	gun_charanimation_02	1|4|6	1	1
2000047	97300047	1	7	3	4	8	heavy	0	gun_charanimation_03	1|4|6	1	1
2000051	97300051	1	1	1	5	8	light	0	gun_charanimation_01	1|4|6	1	1
2000054	97300054	1	4	2	5	8	middle	0	gun_charanimation_02	1|4|6	1	1
2000057	97300057	1	7	3	5	8	heavy	0	gun_charanimation_03	1|4|6	1	1
2100031	97400031	2	0	0	3	8	normal	0		1	1	0
2100041	97400041	2	0	0	4	8	normal	0		1	1	1
2100051	97400051	2	0	0	5	8	normal	0		1	1	1
2100132	97400132	2	0	0	3	8	normal	0		2	1	0
2100142	97400142	2	0	0	4	8	normal	0		2	1	1
2100152	97400152	2	0	0	5	8	normal	0		2	1	1
2100233	97400233	2	0	0	3	8	normal	0		3	1	0
2100243	97400243	2	0	0	4	8	normal	0		3	1	1
2100253	97400253	2	0	0	5	8	normal	0		3	1	1
2100334	97400334	2	0	0	3	8	normal	0		1|2|3	1	0
2100344	97400344	2	0	0	4	8	normal	0		1|2|3	1	1
2100354	97400354	2	0	0	5	8	normal	0		1|2|3	1	1
2100431	97400431	2	0	0	3	8	normal	0		1	1	0
2100441	97400441	2	0	0	4	8	normal	0		1	1	1
2100451	97400451	2	0	0	5	8	normal	0		1	1	1
2100532	97400532	2	0	0	3	8	normal	0		2	1	0
2100542	97400542	2	0	0	4	8	normal	0		2	1	1
2100552	97400552	2	0	0	5	8	normal	0		2	1	1
3000031	98300031	1	1	1	3	8	light	0	gun_charanimation_01	1|4|6	1	0
3000034	98300034	1	4	2	3	8	middle	0	gun_charanimation_02	1|4|6	1	0
3000037	98300037	1	7	3	3	8	heavy	0	gun_charanimation_03	1|4|6	1	0
3000041	98300041	1	1	1	4	8	light	0	gun_charanimation_01	1|4|6	1	1
3000044	98300044	1	4	2	4	8	middle	0	gun_charanimation_02	1|4|6	1	1
3000047	98300047	1	7	3	4	8	heavy	0	gun_charanimation_03	1|4|6	1	1
3000051	98300051	1	1	1	5	8	light	0	gun_charanimation_01	1|4|6	1	1
3000054	98300054	1	4	2	5	8	middle	0	gun_charanimation_02	1|4|6	1	1
3000057	98300057	1	7	3	5	8	heavy	0	gun_charanimation_03	1|4|6	1	1
3100031	98400031	2	0	0	3	8	normal	0		1	1	0
3100041	98400041	2	0	0	4	8	normal	0		1	1	1
3100051	98400051	2	0	0	5	8	normal	0		1	1	1
3100132	98400132	2	0	0	3	8	normal	0		2	1	0
3100142	98400142	2	0	0	4	8	normal	0		2	1	1
3100152	98400152	2	0	0	5	8	normal	0		2	1	1
3100233	98400233	2	0	0	3	8	normal	0		3	1	0
3100243	98400243	2	0	0	4	8	normal	0		3	1	1
3100253	98400253	2	0	0	5	8	normal	0		3	1	1
3100334	98400334	2	0	0	3	8	normal	0		1|2|3	1	0
3100344	98400344	2	0	0	4	8	normal	0		1|2|3	1	1
3100354	98400354	2	0	0	5	8	normal	0		1|2|3	1	1
3100431	98400431	2	0	0	3	8	normal	0		1	1	0
3100441	98400441	2	0	0	4	8	normal	0		1	1	1
3100451	98400451	2	0	0	5	8	normal	0		1	1	1
3100532	98400532	2	0	0	3	8	normal	0		2	1	0
3100542	98400542	2	0	0	4	8	normal	0		2	1	1
3100552	98400552	2	0	0	5	8	normal	0		2	1	1
3100633	98400633	2	0	0	3	8	normal	0		3	1	0
3100643	98400643	2	0	0	4	8	normal	0		3	1	1
3100653	98400653	2	0	0	5	8	normal	0		3	1	1
3100734	98400734	2	0	0	3	8	normal	0		1|2|3	1	0
3100744	98400744	2	0	0	4	8	normal	0		1|2|3	1	1
3100754	98400754	2	0	0	5	8	normal	0		1|2|3	1	1
4000031	99300031	1	1	1	3	8	light	0	gun_charanimation_01	1|4|6	1	0
4000034	99300034	1	4	2	3	8	middle	0	gun_charanimation_02	1|4|6	1	0
4000037	99300037	1	7	3	3	8	heavy	0	gun_charanimation_03	1|4|6	1	0
4000041	99300041	1	1	1	4	8	light	0	gun_charanimation_01	1|4|6	1	1
4000044	99300044	1	4	2	4	8	middle	0	gun_charanimation_02	1|4|6	1	1
4000047	99300047	1	7	3	4	8	heavy	0	gun_charanimation_03	1|4|6	1	1
4000051	99300051	1	1	1	5	8	light	0	gun_charanimation_01	1|4|6	1	1
4000054	99300054	1	4	2	5	8	middle	0	gun_charanimation_02	1|4|6	1	1
4000057	99300057	1	7	3	5	8	heavy	0	gun_charanimation_03	1|4|6	1	1
4000141	99300141	1	1	1	4	8	light	0	gun_charanimation_01	1|4|6	1	1
4000144	99300144	1	4	2	4	8	middle	0	gun_charanimation_02	1|4|6	1	1
4000147	99300147	1	7	3	4	8	heavy	0	gun_charanimation_03	1|4|6	1	1
4000151	99300151	1	1	1	5	8	light	0	gun_charanimation_01	1|4|6	1	1
4000154	99300154	1	4	2	5	8	middle	0	gun_charanimation_02	1|4|6	1	1
4000157	99300157	1	7	3	5	8	heavy	0	gun_charanimation_03	1|4|6	1	1
4000251	99300251	1	1	1	5	8	light	0	gun_charanimation_01	1|4|6	1	1
4000254	99300254	1	4	2	5	8	middle	0	gun_charanimation_02	1|4|6	1	1
4000257	99300257	1	7	3	5	8	heavy	0	gun_charanimation_03	1|4|6	1	1
4100031	99400031	2	0	0	3	8	normal	0		1	1	0
4100041	99400041	2	0	0	4	8	normal	0		1	1	1
4100051	99400051	2	0	0	5	8	normal	0		1	1	1
4100132	99400132	2	0	0	3	8	normal	0		2	1	0
4100142	99400142	2	0	0	4	8	normal	0		2	1	1
4100152	99400152	2	0	0	5	8	normal	0		2	1	1
4100233	99400233	2	0	0	3	8	normal	0		3	1	0
4100243	99400243	2	0	0	4	8	normal	0		3	1	1
4100253	99400253	2	0	0	5	8	normal	0		3	1	1
4100334	99400334	2	0	0	3	8	normal	0		1|2|3	1	0
4100344	99400344	2	0	0	4	8	normal	0		1|2|3	1	1
4100354	99400354	2	0	0	5	8	normal	0		1|2|3	1	1
