id	shop_id	priority	condition	wight	goods	price	restriction
1	1	312		2125	2_31001011_1	4_10	1
2	1	308		1417	2_31001012_1	4_15	1
3	1	304		708	2_31001013_1	4_30	1
4	1	311		2125	2_31001021_1	4_10	1
5	1	307		1417	2_31001022_1	4_15	1
6	1	303		708	2_31001023_1	4_30	1
7	1	310		2125	2_31001031_1	4_10	1
8	1	306		1417	2_31001032_1	4_15	1
9	1	302		708	2_31001033_1	4_30	1
10	1	309		2125	2_31001041_1	4_15	1
11	1	305		1417	2_31001042_1	4_30	1
12	1	301		708	2_31001043_1	4_60	1
13	1	218		1500	2_31003011_1	4_5	1
14	1	213		1000	2_31003012_1	4_10	1
15	1	207		500	2_31003013_1	4_15	1
16	1	217		1500	2_31003021_1	4_5	1
17	1	212		1000	2_31003022_1	4_10	1
18	1	206		500	2_31003023_1	4_15	1
19	1	216		1500	2_31003031_1	4_5	1
20	1	211		1000	2_31003032_1	4_10	1
21	1	205		500	2_31003033_1	4_15	1
22	1	215		1500	2_31003041_1	4_10	1
23	1	214		1500	2_31003042_1	4_20	1
24	1	210		1000	2_31003043_1	4_30	1
25	1	209		1000	2_31003044_1	4_50	1
26	1	208		1000	2_31003045_1	4_100	1
27	1	204		500	2_31003046_1	4_150	1
28	1	203		500	2_31003047_1	4_200	1
29	1	202		500	2_31003048_1	4_250	1
30	1	201		500	2_31003049_1	4_300	1
31	1	405		5667	2_31004001_1	4_2	1
32	1	404		4533	2_31004002_1	4_8	1
33	1	403		3400	2_31004003_1	4_15	1
34	1	402		2267	2_31004004_1	4_30	1
35	1	401		1133	2_31004005_1	4_70	1
36	1	115		2500	2_31002001_1	4_50	1
37	1	112		1667	2_31002002_1	4_100	1
38	1	114		2500	2_31002003_1	4_50	1
39	1	106		0	2_31002004_1	4_200	1
40	1	109		833	2_31002005_1	4_150	1
41	1	108		833	2_31002006_1	4_150	1
42	1	105		0	2_31002007_1	4_200	1
43	1	111		1667	2_31002008_1	4_100	1
44	1	104		0	2_31002009_1	4_200	1
45	1	113		2500	2_31002010_1	4_50	1
46	1	103		0	2_31002011_1	4_200	1
47	1	110		1667	2_31002012_1	4_100	1
48	1	107		833	2_31002013_1	4_150	1
49	1	102		0	2_31002014_1	4_200	1
50	1	101		0	2_31002015_1	4_200	1
51	1	504		6800	2_31006001_1	4_1	1
52	1	503		5100	2_31006002_1	4_2	1
53	1	502		3400	2_31006003_1	4_6	1
54	1	501		1700	2_31006004_1	4_12	1
55	1	601		1889	2_31007001_1	4_1	1
56	1	602		1889	2_31007002_1	4_1	1
57	1	603		1889	2_31007003_1	4_1	1
58	1	604		1889	2_31007004_1	4_1	1
59	1	605		1889	2_31007005_1	4_1	1
60	1	606		1889	2_31007006_1	4_1	1
61	1	607		1889	2_31007007_1	4_1	1
62	1	608		1889	2_31007008_1	4_1	1
63	1	609		1888	2_31007009_1	4_1	1
64	1	701		20000	2_31005001_5	3_25000	1
101	2	312		2125	2_31001011_1	101_0	1
102	2	308		1417	2_31001012_1	101_0	1
103	2	304		708	2_31001013_1	101_0	1
104	2	311		2125	2_31001021_1	101_0	1
105	2	307		1417	2_31001022_1	101_0	1
106	2	303		708	2_31001023_1	101_0	1
107	2	310		2125	2_31001031_1	101_0	1
108	2	306		1417	2_31001032_1	101_0	1
109	2	302		708	2_31001033_1	101_0	1
110	2	309		2125	2_31001041_1	101_0	1
111	2	305		1417	2_31001042_1	101_0	1
112	2	301		708	2_31001043_1	101_0	1
113	2	218		1500	2_31003011_1	101_0	1
114	2	213		1000	2_31003012_1	101_0	1
115	2	207		500	2_31003013_1	101_0	1
116	2	217		1500	2_31003021_1	101_0	1
117	2	212		1000	2_31003022_1	101_0	1
118	2	206		500	2_31003023_1	101_0	1
119	2	216		1500	2_31003031_1	101_0	1
120	2	211		1000	2_31003032_1	101_0	1
121	2	205		500	2_31003033_1	101_0	1
122	2	215		1500	2_31003041_1	101_0	1
123	2	214		1500	2_31003042_1	101_0	1
124	2	210		1000	2_31003043_1	101_0	1
125	2	209		1000	2_31003044_1	101_0	1
126	2	208		1000	2_31003045_1	101_0	1
127	2	204		500	2_31003046_1	101_0	1
128	2	203		500	2_31003047_1	101_0	1
129	2	202		500	2_31003048_1	101_0	1
130	2	201		500	2_31003049_1	101_0	1
131	2	405		5667	2_31004001_1	101_0	1
132	2	404		4533	2_31004002_1	101_0	1
133	2	403		3400	2_31004003_1	101_0	1
134	2	402		2267	2_31004004_1	101_0	1
135	2	401		1133	2_31004005_1	101_0	1
136	2	115		2500	2_31002001_1	101_0	1
137	2	112		1667	2_31002002_1	101_0	1
138	2	114		2500	2_31002003_1	101_0	1
139	2	106		0	2_31002004_1	101_0	1
140	2	109		833	2_31002005_1	101_0	1
141	2	108		833	2_31002006_1	101_0	1
142	2	105		0	2_31002007_1	101_0	1
143	2	111		1667	2_31002008_1	101_0	1
144	2	104		0	2_31002009_1	101_0	1
145	2	113		2500	2_31002010_1	101_0	1
146	2	103		0	2_31002011_1	101_0	1
147	2	110		1667	2_31002012_1	101_0	1
148	2	107		833	2_31002013_1	101_0	1
149	2	102		0	2_31002014_1	101_0	1
150	2	101		0	2_31002015_1	101_0	1
151	2	504		6800	2_31006001_1	101_0	1
152	2	503		5100	2_31006002_1	101_0	1
153	2	502		3400	2_31006003_1	101_0	1
154	2	501		1700	2_31006004_1	101_0	1
155	2	601		1889	2_31007001_1	101_0	1
156	2	602		1889	2_31007002_1	101_0	1
157	2	603		1889	2_31007003_1	101_0	1
158	2	604		1889	2_31007004_1	101_0	1
159	2	605		1889	2_31007005_1	101_0	1
160	2	606		1889	2_31007006_1	101_0	1
161	2	607		1889	2_31007007_1	101_0	1
162	2	608		1889	2_31007008_1	101_0	1
163	2	609		1888	2_31007009_1	101_0	1
201	3	312		2125	2_31001011_1	102_0	1
202	3	308		1417	2_31001012_1	102_0	1
203	3	304		708	2_31001013_1	102_0	1
204	3	311		2125	2_31001021_1	102_0	1
205	3	307		1417	2_31001022_1	102_0	1
206	3	303		708	2_31001023_1	102_0	1
207	3	310		2125	2_31001031_1	102_0	1
208	3	306		1417	2_31001032_1	102_0	1
209	3	302		708	2_31001033_1	102_0	1
210	3	309		2125	2_31001041_1	102_0	1
211	3	305		1417	2_31001042_1	102_0	1
212	3	301		708	2_31001043_1	102_0	1
213	3	218		1500	2_31003011_1	102_0	1
214	3	213		1000	2_31003012_1	102_0	1
215	3	207		500	2_31003013_1	102_0	1
216	3	217		1500	2_31003021_1	102_0	1
217	3	212		1000	2_31003022_1	102_0	1
218	3	206		500	2_31003023_1	102_0	1
219	3	216		1500	2_31003031_1	102_0	1
220	3	211		1000	2_31003032_1	102_0	1
221	3	205		500	2_31003033_1	102_0	1
222	3	215		1500	2_31003041_1	102_0	1
223	3	214		1500	2_31003042_1	102_0	1
224	3	210		1000	2_31003043_1	102_0	1
225	3	209		1000	2_31003044_1	102_0	1
226	3	208		1000	2_31003045_1	102_0	1
227	3	204		500	2_31003046_1	102_0	1
228	3	203		500	2_31003047_1	102_0	1
229	3	202		500	2_31003048_1	102_0	1
230	3	201		500	2_31003049_1	102_0	1
231	3	405		5667	2_31004001_1	102_0	1
232	3	404		4533	2_31004002_1	102_0	1
233	3	403		3400	2_31004003_1	102_0	1
234	3	402		2267	2_31004004_1	102_0	1
235	3	401		1133	2_31004005_1	102_0	1
236	3	115		2500	2_31002001_1	102_0	1
237	3	112		1667	2_31002002_1	102_0	1
238	3	114		2500	2_31002003_1	102_0	1
239	3	106		0	2_31002004_1	102_0	1
240	3	109		833	2_31002005_1	102_0	1
241	3	108		833	2_31002006_1	102_0	1
242	3	105		0	2_31002007_1	102_0	1
243	3	111		1667	2_31002008_1	102_0	1
244	3	104		0	2_31002009_1	102_0	1
245	3	113		2500	2_31002010_1	102_0	1
246	3	103		0	2_31002011_1	102_0	1
247	3	110		1667	2_31002012_1	102_0	1
248	3	107		833	2_31002013_1	102_0	1
249	3	102		0	2_31002014_1	102_0	1
250	3	101		0	2_31002015_1	102_0	1
251	3	504		6800	2_31006001_1	102_0	1
252	3	503		5100	2_31006002_1	102_0	1
253	3	502		3400	2_31006003_1	102_0	1
254	3	501		1700	2_31006004_1	102_0	1
255	3	601		1889	2_31007001_1	102_0	1
256	3	602		1889	2_31007002_1	102_0	1
257	3	603		1889	2_31007003_1	102_0	1
258	3	604		1889	2_31007004_1	102_0	1
259	3	605		1889	2_31007005_1	102_0	1
260	3	606		1889	2_31007006_1	102_0	1
261	3	607		1889	2_31007007_1	102_0	1
262	3	608		1889	2_31007008_1	102_0	1
263	3	609		1888	2_31007009_1	102_0	1
301	4	312		2125	2_31001011_1	103_0	1
302	4	308		1417	2_31001012_1	103_0	1
303	4	304		708	2_31001013_1	103_0	1
304	4	311		2125	2_31001021_1	103_0	1
305	4	307		1417	2_31001022_1	103_0	1
306	4	303		708	2_31001023_1	103_0	1
307	4	310		2125	2_31001031_1	103_0	1
308	4	306		1417	2_31001032_1	103_0	1
309	4	302		708	2_31001033_1	103_0	1
310	4	309		2125	2_31001041_1	103_0	1
311	4	305		1417	2_31001042_1	103_0	1
312	4	301		708	2_31001043_1	103_0	1
313	4	218		1500	2_31003011_1	103_0	1
314	4	213		1000	2_31003012_1	103_0	1
315	4	207		500	2_31003013_1	103_0	1
316	4	217		1500	2_31003021_1	103_0	1
317	4	212		1000	2_31003022_1	103_0	1
318	4	206		500	2_31003023_1	103_0	1
319	4	216		1500	2_31003031_1	103_0	1
320	4	211		1000	2_31003032_1	103_0	1
321	4	205		500	2_31003033_1	103_0	1
322	4	215		1500	2_31003041_1	103_0	1
323	4	214		1500	2_31003042_1	103_0	1
324	4	210		1000	2_31003043_1	103_0	1
325	4	209		1000	2_31003044_1	103_0	1
326	4	208		1000	2_31003045_1	103_0	1
327	4	204		500	2_31003046_1	103_0	1
328	4	203		500	2_31003047_1	103_0	1
329	4	202		500	2_31003048_1	103_0	1
330	4	201		500	2_31003049_1	103_0	1
331	4	405		5667	2_31004001_1	103_0	1
332	4	404		4533	2_31004002_1	103_0	1
333	4	403		3400	2_31004003_1	103_0	1
334	4	402		2267	2_31004004_1	103_0	1
335	4	401		1133	2_31004005_1	103_0	1
336	4	115		2500	2_31002001_1	103_0	1
337	4	112		1667	2_31002002_1	103_0	1
338	4	114		2500	2_31002003_1	103_0	1
339	4	106		0	2_31002004_1	103_0	1
340	4	109		833	2_31002005_1	103_0	1
341	4	108		833	2_31002006_1	103_0	1
342	4	105		0	2_31002007_1	103_0	1
343	4	111		1667	2_31002008_1	103_0	1
344	4	104		0	2_31002009_1	103_0	1
345	4	113		2500	2_31002010_1	103_0	1
346	4	103		0	2_31002011_1	103_0	1
347	4	110		1667	2_31002012_1	103_0	1
348	4	107		833	2_31002013_1	103_0	1
349	4	102		0	2_31002014_1	103_0	1
350	4	101		0	2_31002015_1	103_0	1
351	4	504		6800	2_31006001_1	103_0	1
352	4	503		5100	2_31006002_1	103_0	1
353	4	502		3400	2_31006003_1	103_0	1
354	4	501		1700	2_31006004_1	103_0	1
355	4	601		1889	2_31007001_1	103_0	1
356	4	602		1889	2_31007002_1	103_0	1
357	4	603		1889	2_31007003_1	103_0	1
358	4	604		1889	2_31007004_1	103_0	1
359	4	605		1889	2_31007005_1	103_0	1
360	4	606		1889	2_31007006_1	103_0	1
361	4	607		1889	2_31007007_1	103_0	1
362	4	608		1889	2_31007008_1	103_0	1
363	4	609		1888	2_31007009_1	103_0	1
401	5	312		2125	2_31001011_1	104_0	1
402	5	308		1417	2_31001012_1	104_0	1
403	5	304		708	2_31001013_1	104_0	1
404	5	311		2125	2_31001021_1	104_0	1
405	5	307		1417	2_31001022_1	104_0	1
406	5	303		708	2_31001023_1	104_0	1
407	5	310		2125	2_31001031_1	104_0	1
408	5	306		1417	2_31001032_1	104_0	1
409	5	302		708	2_31001033_1	104_0	1
410	5	309		2125	2_31001041_1	104_0	1
411	5	305		1417	2_31001042_1	104_0	1
412	5	301		708	2_31001043_1	104_0	1
413	5	218		1500	2_31003011_1	104_0	1
414	5	213		1000	2_31003012_1	104_0	1
415	5	207		500	2_31003013_1	104_0	1
416	5	217		1500	2_31003021_1	104_0	1
417	5	212		1000	2_31003022_1	104_0	1
418	5	206		500	2_31003023_1	104_0	1
419	5	216		1500	2_31003031_1	104_0	1
420	5	211		1000	2_31003032_1	104_0	1
421	5	205		500	2_31003033_1	104_0	1
422	5	215		1500	2_31003041_1	104_0	1
423	5	214		1500	2_31003042_1	104_0	1
424	5	210		1000	2_31003043_1	104_0	1
425	5	209		1000	2_31003044_1	104_0	1
426	5	208		1000	2_31003045_1	104_0	1
427	5	204		500	2_31003046_1	104_0	1
428	5	203		500	2_31003047_1	104_0	1
429	5	202		500	2_31003048_1	104_0	1
430	5	201		500	2_31003049_1	104_0	1
431	5	405		5667	2_31004001_1	104_0	1
432	5	404		4533	2_31004002_1	104_0	1
433	5	403		3400	2_31004003_1	104_0	1
434	5	402		2267	2_31004004_1	104_0	1
435	5	401		1133	2_31004005_1	104_0	1
436	5	115		2500	2_31002001_1	104_0	1
437	5	112		1667	2_31002002_1	104_0	1
438	5	114		2500	2_31002003_1	104_0	1
439	5	106		0	2_31002004_1	104_0	1
440	5	109		833	2_31002005_1	104_0	1
441	5	108		833	2_31002006_1	104_0	1
442	5	105		0	2_31002007_1	104_0	1
443	5	111		1667	2_31002008_1	104_0	1
444	5	104		0	2_31002009_1	104_0	1
445	5	113		2500	2_31002010_1	104_0	1
446	5	103		0	2_31002011_1	104_0	1
447	5	110		1667	2_31002012_1	104_0	1
448	5	107		833	2_31002013_1	104_0	1
449	5	102		0	2_31002014_1	104_0	1
450	5	101		0	2_31002015_1	104_0	1
451	5	504		6800	2_31006001_1	104_0	1
452	5	503		5100	2_31006002_1	104_0	1
453	5	502		3400	2_31006003_1	104_0	1
454	5	501		1700	2_31006004_1	104_0	1
455	5	601		1889	2_31007001_1	104_0	1
456	5	602		1889	2_31007002_1	104_0	1
457	5	603		1889	2_31007003_1	104_0	1
458	5	604		1889	2_31007004_1	104_0	1
459	5	605		1889	2_31007005_1	104_0	1
460	5	606		1889	2_31007006_1	104_0	1
461	5	607		1889	2_31007007_1	104_0	1
462	5	608		1889	2_31007008_1	104_0	1
463	5	609		1888	2_31007009_1	104_0	1
501	6	312		2125	2_31001011_1	105_0	1
502	6	308		1417	2_31001012_1	105_0	1
503	6	304		708	2_31001013_1	105_0	1
504	6	311		2125	2_31001021_1	105_0	1
505	6	307		1417	2_31001022_1	105_0	1
506	6	303		708	2_31001023_1	105_0	1
507	6	310		2125	2_31001031_1	105_0	1
508	6	306		1417	2_31001032_1	105_0	1
509	6	302		708	2_31001033_1	105_0	1
510	6	309		2125	2_31001041_1	105_0	1
511	6	305		1417	2_31001042_1	105_0	1
512	6	301		708	2_31001043_1	105_0	1
513	6	218		1500	2_31003011_1	105_0	1
514	6	213		1000	2_31003012_1	105_0	1
515	6	207		500	2_31003013_1	105_0	1
516	6	217		1500	2_31003021_1	105_0	1
517	6	212		1000	2_31003022_1	105_0	1
518	6	206		500	2_31003023_1	105_0	1
519	6	216		1500	2_31003031_1	105_0	1
520	6	211		1000	2_31003032_1	105_0	1
521	6	205		500	2_31003033_1	105_0	1
522	6	215		1500	2_31003041_1	105_0	1
523	6	214		1500	2_31003042_1	105_0	1
524	6	210		1000	2_31003043_1	105_0	1
525	6	209		1000	2_31003044_1	105_0	1
526	6	208		1000	2_31003045_1	105_0	1
527	6	204		500	2_31003046_1	105_0	1
528	6	203		500	2_31003047_1	105_0	1
529	6	202		500	2_31003048_1	105_0	1
530	6	201		500	2_31003049_1	105_0	1
531	6	405		5667	2_31004001_1	105_0	1
532	6	404		4533	2_31004002_1	105_0	1
533	6	403		3400	2_31004003_1	105_0	1
534	6	402		2267	2_31004004_1	105_0	1
535	6	401		1133	2_31004005_1	105_0	1
536	6	115		2500	2_31002001_1	105_0	1
537	6	112		1667	2_31002002_1	105_0	1
538	6	114		2500	2_31002003_1	105_0	1
539	6	106		0	2_31002004_1	105_0	1
540	6	109		833	2_31002005_1	105_0	1
541	6	108		833	2_31002006_1	105_0	1
542	6	105		0	2_31002007_1	105_0	1
543	6	111		1667	2_31002008_1	105_0	1
544	6	104		0	2_31002009_1	105_0	1
545	6	113		2500	2_31002010_1	105_0	1
546	6	103		0	2_31002011_1	105_0	1
547	6	110		1667	2_31002012_1	105_0	1
548	6	107		833	2_31002013_1	105_0	1
549	6	102		0	2_31002014_1	105_0	1
550	6	101		0	2_31002015_1	105_0	1
551	6	504		6800	2_31006001_1	105_0	1
552	6	503		5100	2_31006002_1	105_0	1
553	6	502		3400	2_31006003_1	105_0	1
554	6	501		1700	2_31006004_1	105_0	1
555	6	601		1889	2_31007001_1	105_0	1
556	6	602		1889	2_31007002_1	105_0	1
557	6	603		1889	2_31007003_1	105_0	1
558	6	604		1889	2_31007004_1	105_0	1
559	6	605		1889	2_31007005_1	105_0	1
560	6	606		1889	2_31007006_1	105_0	1
561	6	607		1889	2_31007007_1	105_0	1
562	6	608		1889	2_31007008_1	105_0	1
563	6	609		1888	2_31007009_1	105_0	1
