id	formula	battle_data	pure_data		
31100001	1	11510001	1	11100000		
31100002	1	11510002	1	11100000		
31100003	1	11510003	1	11100000		
31080001	1	11508001	1	11080000		
31080002	1	11508002	1	11080000		
31080003	1	11508003	1	11080000		
31050001	1	11505001	1	11050000		
31050002	1	11505002	1	11050000		
31050003	1	11505003	1	11050000		
31140001	1	11514001	1	11140000		
31140002	1	11514002	1	11140000		
31140003	1	11514003	1	11140000		
31110001	1	11511001	1	11110000		
31110002	1	11511002	1	11110000		
31110003	1	11511003	1	11110000		
31030001	1	11503001	1	11030000		
31030002	1	11503002	1	11030000		
31030003	1	11503003	1	11030000		
31020001	1	11502001	1	11020000		
31020002	1	11502002	1	11020000		
31020003	1	11502003	1	11020000		
31130001	1	11513001	1	11130000		
31130002	1	11513002	1	11130000		
31130003	1	11513003	1	11130000		
31070001	1	11507001	1	11070000		
31070002	1	11507002	1	11070000		
31070003	1	11507003	1	11070000		
31090001	1	11509001	1	11090000		
31090002	1	11509002	1	11090000		
31090003	1	11509003	1	11090000		
31010001	1	11501001	1	11010000		
31010002	1	11501002	1	11010000		
31010003	1	11501003	1	11010000		
31120001	1	11512001	1	11120000		
31120002	1	11512002	1	11120000		
31120003	1	11512003	1	11120000		
31060001	1	11506001	1	11060000		
31060002	1	11506002	1	11060000		
31060003	1	11506003	1	11060000		
31040001	1	11504001	1	11040000		
31040002	1	11504002	1	11040000		
31040003	1	11504003	1	11040000		
31150001	1	11515001	1	11150000		
31150002	1	11515002	1	11150000		
31150003	1	11515003	1	11150000		
40001201	1	40001201	1	1000121|1000124|1000127		
40001301	1	40001201	1	1000131|1000134|1000137		
40002301	1	0	0	1000231|1000234|1000237		
40002401	1	0	0	1000241|1000244|1000247		
40003401	1	0	0	1000341|1000344|1000347		
40003501	1	0	0	1000351|1000354|1000357		
40004201	1	40002201	1	1100121		
40004301	1	40002301	1	1100131		
40004401	1	40002401	1	1100141		b
40004501	1	40002501	1	1100151		
40005201	1	40003201	1	1100222		
40005301	1	40003301	1	1100232		
40005401	1	40003401	1	1100242		
40005501	1	40003501	1	1100252		
40006201	1	40004201	1	1100323		
40006301	1	40004301	1	1100333		
40006401	1	40004401	1	1100343		
40006501	1	40004501	1	1100353		
40007201	1	0	0	1100424		
40007301	1	0	0	1100434		
40007401	1	0	0	1100444		
40007501	1	0	0	1100454		
40008201	1	0	0	1100524		
40008301	1	0	0	1100534		
40008401	1	0	0	1100544		
40008501	1	0	0	1100554		
40009201	1	0	0	1100624		
40009301	1	0	0	1100634		
40009401	1	0	0	1100644		
40009501	1	0	0	1100654		
41001301	1	0	0	2000031|2000034|2000037		
41001401	1	0	0	2000041|2000044|2000047		
41001501	1	0	0	2000051|2000054|2000057		
41002301	1	0	0	2100031		
41002401	1	0	0	2100041		
41002501	1	0	0	2100051		
41003301	1	0	0	2100132		
41003401	1	0	0	2100142		
41003501	1	0	0	2100152		
41004301	1	0	0	2100233		
41004401	1	0	0	2100243		
41004501	1	0	0	2100253		
41005301	1	0	0	2100334		
41005401	1	0	0	2100344		
41005501	1	0	0	2100354		
41006301	1	0	0	2100431		
41006401	1	0	0	2100441		
41006501	1	0	0	2100451		
41007301	1	0	0	2100532		
41007401	1	0	0	2100542		
41007501	1	0	0	2100552		
42001301	1	0	0	3000031|3000034|3000037		
42001401	1	0	0	3000041|3000044|3000047		
42001501	1	0	0	3000051|3000054|3000057		
42002301	1	0	0	3100031		
42002401	1	0	0	3100041		
42002501	1	0	0	3100051		
42003301	1	0	0	3100132		
42003401	1	0	0	3100142		
42003501	1	0	0	3100152		
42004301	1	0	0	3100233		
42004401	1	0	0	3100243		
42004501	1	0	0	3100253		
42005301	1	0	0	3100334		
42005401	1	0	0	3100344		
42005501	1	0	0	3100354		
42006301	1	0	0	3100431		
42006401	1	0	0	3100441		
42006501	1	0	0	3100451		
42007301	1	0	0	3100532		
42007401	1	0	0	3100542		
42007501	1	0	0	3100552		
42008301	1	0	0	3100633		
42008401	1	0	0	3100643		
42008501	1	0	0	3100653		
42009301	1	0	0	3100734		
42009401	1	0	0	3100744		
42009501	1	0	0	3100754		
43001301	1	0	0	4000031|4000034|4000037		
43001401	1	0	0	4000041|4000044|4000047		
43001501	1	0	0	4000051|4000054|4000057		
43002401	1	0	0	4000141|4000144|4000147		
43002501	1	0	0	4000151|4000154|4000157		
43003501	1	0	0	4000251|4000254|4000257		
43004301	1	0	0	4100031		
43004401	1	0	0	4100041		
43004501	1	0	0	4100051		
43005301	1	0	0	4100132		
43005401	1	0	0	4100142		
43005501	1	0	0	4100152		
43006301	1	0	0	4100233		
43006401	1	0	0	4100243		
43006501	1	0	0	4100253		
43007301	1	0	0	4100334		
43007401	1	0	0	4100344		
43007501	1	0	0	4100354		
