id	hurt_pve	hurt_evp	hurt_pvp	hurt_pve_negative	hurt_evp_negative	hurt_pvp_negative
int	float	float	float	float	float	float
索引ID	人打怪伤害修正	怪打人伤害修正	人打人伤害修正	人打怪伤害修正	怪打人伤害修正	人打人伤害修正
0	1	1	1	1	1	1
500	1.05	1.05	1.05	1	1	1
1000	1.1	1.1	1.1	1	1	1
1500	1.15	1.15	1.15	1	1	1
2000	1.2	1.2	1.2	1	1	1
2500	1.25	1.25	1.25	1	1	1
3000	1.3	1.3	1.3	1	1	1
3500	1.35	1.35	1.35	1	1	1
4000	1.4	1.4	1.4	1	1	1
4500	1.45	1.45	1.45	1	1	1
5000	1.5	1.5	1.5	1	1	1
5500	1.55	1.55	1.55	1	1	1
6000	1.6	1.6	1.6	1	1	1
6500	1.65	1.65	1.65	1	1	1
7000	1.7	1.7	1.7	1	1	1
7500	1.75	1.75	1.75	1	1	1
8000	1.8	1.8	1.8	1	1	1
8500	1.85	1.85	1.85	1	1	1
9000	1.9	1.9	1.9	1	1	1
9500	1.95	1.95	1.95	1	1	1
10000	2	2	2	1	1	1
