id	id_role	level	battle_data
int	int	int	int
角色ID	角色ID	角色等级	战斗属性ID
11101001	11100000	1	11010001
11101002	11100000	2	11010002
11101003	11100000	3	11010003
11101004	11100000	4	11010004
11101005	11100000	5	11010005
11101006	11100000	6	11010006
11101007	11100000	7	11010007
11101008	11100000	8	11010008
11101009	11100000	9	11010009
11101010	11100000	10	11010010
11101011	11100000	11	11010011
11101012	11100000	12	11010012
11101013	11100000	13	11010013
11101014	11100000	14	11010014
11101015	11100000	15	11010015
11101016	11100000	16	11010016
11101017	11100000	17	11010017
11101018	11100000	18	11010018
11101019	11100000	19	11010019
11101020	11100000	20	11010020
11101021	11100000	21	11010021
11101022	11100000	22	11010022
11101023	11100000	23	11010023
11101024	11100000	24	11010024
11101025	11100000	25	11010025
11101026	11100000	26	11010026
11101027	11100000	27	11010027
11101028	11100000	28	11010028
11101029	11100000	29	11010029
11101030	11100000	30	11010030
11101031	11100000	31	11010031
11101032	11100000	32	11010032
11101033	11100000	33	11010033
11101034	11100000	34	11010034
11101035	11100000	35	11010035
11101036	11100000	36	11010036
11101037	11100000	37	11010037
11101038	11100000	38	11010038
11101039	11100000	39	11010039
11101040	11100000	40	11010040
11101041	11100000	41	11010041
11101042	11100000	42	11010042
11101043	11100000	43	11010043
11101044	11100000	44	11010044
11101045	11100000	45	11010045
11101046	11100000	46	11010046
11101047	11100000	47	11010047
11101048	11100000	48	11010048
11101049	11100000	49	11010049
11101050	11100000	50	11010050
11101051	11100000	51	11010051
11101052	11100000	52	11010052
11101053	11100000	53	11010053
11101054	11100000	54	11010054
11101055	11100000	55	11010055
11101056	11100000	56	11010056
11101057	11100000	57	11010057
11101058	11100000	58	11010058
11101059	11100000	59	11010059
11101060	11100000	60	11010060
11101061	11100000	61	11010061
11101062	11100000	62	11010062
11101063	11100000	63	11010063
11101064	11100000	64	11010064
11101065	11100000	65	11010065
11101066	11100000	66	11010066
11101067	11100000	67	11010067
11101068	11100000	68	11010068
11101069	11100000	69	11010069
11101070	11100000	70	11010070
11101071	11100000	71	11010071
11101072	11100000	72	11010072
11101073	11100000	73	11010073
11101074	11100000	74	11010074
11101075	11100000	75	11010075
11101076	11100000	76	11010076
11101077	11100000	77	11010077
11101078	11100000	78	11010078
11101079	11100000	79	11010079
11101080	11100000	80	11010080
11101081	11100000	81	11010081
11101082	11100000	82	11010082
11101083	11100000	83	11010083
11101084	11100000	84	11010084
11101085	11100000	85	11010085
11101086	11100000	86	11010086
11101087	11100000	87	11010087
11101088	11100000	88	11010088
11101089	11100000	89	11010089
11101090	11100000	90	11010090
11101091	11100000	91	11010091
11101092	11100000	92	11010092
11101093	11100000	93	11010093
11101094	11100000	94	11010094
11101095	11100000	95	11010095
11101096	11100000	96	11010096
11101097	11100000	97	11010097
11101098	11100000	98	11010098
11101099	11100000	99	11010099
11101100	11100000	100	11010100
11081001	11080000	1	11008001
11081002	11080000	2	11008002
11081003	11080000	3	11008003
11081004	11080000	4	11008004
11081005	11080000	5	11008005
11081006	11080000	6	11008006
11081007	11080000	7	11008007
11081008	11080000	8	11008008
11081009	11080000	9	11008009
11081010	11080000	10	11008010
11081011	11080000	11	11008011
11081012	11080000	12	11008012
11081013	11080000	13	11008013
11081014	11080000	14	11008014
11081015	11080000	15	11008015
11081016	11080000	16	11008016
11081017	11080000	17	11008017
11081018	11080000	18	11008018
11081019	11080000	19	11008019
11081020	11080000	20	11008020
11081021	11080000	21	11008021
11081022	11080000	22	11008022
11081023	11080000	23	11008023
11081024	11080000	24	11008024
11081025	11080000	25	11008025
11081026	11080000	26	11008026
11081027	11080000	27	11008027
11081028	11080000	28	11008028
11081029	11080000	29	11008029
11081030	11080000	30	11008030
11081031	11080000	31	11008031
11081032	11080000	32	11008032
11081033	11080000	33	11008033
11081034	11080000	34	11008034
11081035	11080000	35	11008035
11081036	11080000	36	11008036
11081037	11080000	37	11008037
11081038	11080000	38	11008038
11081039	11080000	39	11008039
11081040	11080000	40	11008040
11081041	11080000	41	11008041
11081042	11080000	42	11008042
11081043	11080000	43	11008043
11081044	11080000	44	11008044
11081045	11080000	45	11008045
11081046	11080000	46	11008046
11081047	11080000	47	11008047
11081048	11080000	48	11008048
11081049	11080000	49	11008049
11081050	11080000	50	11008050
11081051	11080000	51	11008051
11081052	11080000	52	11008052
11081053	11080000	53	11008053
11081054	11080000	54	11008054
11081055	11080000	55	11008055
11081056	11080000	56	11008056
11081057	11080000	57	11008057
11081058	11080000	58	11008058
11081059	11080000	59	11008059
11081060	11080000	60	11008060
11081061	11080000	61	11008061
11081062	11080000	62	11008062
11081063	11080000	63	11008063
11081064	11080000	64	11008064
11081065	11080000	65	11008065
11081066	11080000	66	11008066
11081067	11080000	67	11008067
11081068	11080000	68	11008068
11081069	11080000	69	11008069
11081070	11080000	70	11008070
11081071	11080000	71	11008071
11081072	11080000	72	11008072
11081073	11080000	73	11008073
11081074	11080000	74	11008074
11081075	11080000	75	11008075
11081076	11080000	76	11008076
11081077	11080000	77	11008077
11081078	11080000	78	11008078
11081079	11080000	79	11008079
11081080	11080000	80	11008080
11081081	11080000	81	11008081
11081082	11080000	82	11008082
11081083	11080000	83	11008083
11081084	11080000	84	11008084
11081085	11080000	85	11008085
11081086	11080000	86	11008086
11081087	11080000	87	11008087
11081088	11080000	88	11008088
11081089	11080000	89	11008089
11081090	11080000	90	11008090
11081091	11080000	91	11008091
11081092	11080000	92	11008092
11081093	11080000	93	11008093
11081094	11080000	94	11008094
11081095	11080000	95	11008095
11081096	11080000	96	11008096
11081097	11080000	97	11008097
11081098	11080000	98	11008098
11081099	11080000	99	11008099
11081100	11080000	100	11008100
11051001	11050000	1	11005001
11051002	11050000	2	11005002
11051003	11050000	3	11005003
11051004	11050000	4	11005004
11051005	11050000	5	11005005
11051006	11050000	6	11005006
11051007	11050000	7	11005007
11051008	11050000	8	11005008
11051009	11050000	9	11005009
11051010	11050000	10	11005010
11051011	11050000	11	11005011
11051012	11050000	12	11005012
11051013	11050000	13	11005013
11051014	11050000	14	11005014
11051015	11050000	15	11005015
11051016	11050000	16	11005016
11051017	11050000	17	11005017
11051018	11050000	18	11005018
11051019	11050000	19	11005019
11051020	11050000	20	11005020
11051021	11050000	21	11005021
11051022	11050000	22	11005022
11051023	11050000	23	11005023
11051024	11050000	24	11005024
11051025	11050000	25	11005025
11051026	11050000	26	11005026
11051027	11050000	27	11005027
11051028	11050000	28	11005028
11051029	11050000	29	11005029
11051030	11050000	30	11005030
11051031	11050000	31	11005031
11051032	11050000	32	11005032
11051033	11050000	33	11005033
11051034	11050000	34	11005034
11051035	11050000	35	11005035
11051036	11050000	36	11005036
11051037	11050000	37	11005037
11051038	11050000	38	11005038
11051039	11050000	39	11005039
11051040	11050000	40	11005040
11051041	11050000	41	11005041
11051042	11050000	42	11005042
11051043	11050000	43	11005043
11051044	11050000	44	11005044
11051045	11050000	45	11005045
11051046	11050000	46	11005046
11051047	11050000	47	11005047
11051048	11050000	48	11005048
11051049	11050000	49	11005049
11051050	11050000	50	11005050
11051051	11050000	51	11005051
11051052	11050000	52	11005052
11051053	11050000	53	11005053
11051054	11050000	54	11005054
11051055	11050000	55	11005055
11051056	11050000	56	11005056
11051057	11050000	57	11005057
11051058	11050000	58	11005058
11051059	11050000	59	11005059
11051060	11050000	60	11005060
11051061	11050000	61	11005061
11051062	11050000	62	11005062
11051063	11050000	63	11005063
11051064	11050000	64	11005064
11051065	11050000	65	11005065
11051066	11050000	66	11005066
11051067	11050000	67	11005067
11051068	11050000	68	11005068
11051069	11050000	69	11005069
11051070	11050000	70	11005070
11051071	11050000	71	11005071
11051072	11050000	72	11005072
11051073	11050000	73	11005073
11051074	11050000	74	11005074
11051075	11050000	75	11005075
11051076	11050000	76	11005076
11051077	11050000	77	11005077
11051078	11050000	78	11005078
11051079	11050000	79	11005079
11051080	11050000	80	11005080
11051081	11050000	81	11005081
11051082	11050000	82	11005082
11051083	11050000	83	11005083
11051084	11050000	84	11005084
11051085	11050000	85	11005085
11051086	11050000	86	11005086
11051087	11050000	87	11005087
11051088	11050000	88	11005088
11051089	11050000	89	11005089
11051090	11050000	90	11005090
11051091	11050000	91	11005091
11051092	11050000	92	11005092
11051093	11050000	93	11005093
11051094	11050000	94	11005094
11051095	11050000	95	11005095
11051096	11050000	96	11005096
11051097	11050000	97	11005097
11051098	11050000	98	11005098
11051099	11050000	99	11005099
11051100	11050000	100	11005100
11141001	11140000	1	11014001
11141002	11140000	2	11014002
11141003	11140000	3	11014003
11141004	11140000	4	11014004
11141005	11140000	5	11014005
11141006	11140000	6	11014006
11141007	11140000	7	11014007
11141008	11140000	8	11014008
11141009	11140000	9	11014009
11141010	11140000	10	11014010
11141011	11140000	11	11014011
11141012	11140000	12	11014012
11141013	11140000	13	11014013
11141014	11140000	14	11014014
11141015	11140000	15	11014015
11141016	11140000	16	11014016
11141017	11140000	17	11014017
11141018	11140000	18	11014018
11141019	11140000	19	11014019
11141020	11140000	20	11014020
11141021	11140000	21	11014021
11141022	11140000	22	11014022
11141023	11140000	23	11014023
11141024	11140000	24	11014024
11141025	11140000	25	11014025
11141026	11140000	26	11014026
11141027	11140000	27	11014027
11141028	11140000	28	11014028
11141029	11140000	29	11014029
11141030	11140000	30	11014030
11141031	11140000	31	11014031
11141032	11140000	32	11014032
11141033	11140000	33	11014033
11141034	11140000	34	11014034
11141035	11140000	35	11014035
11141036	11140000	36	11014036
11141037	11140000	37	11014037
11141038	11140000	38	11014038
11141039	11140000	39	11014039
11141040	11140000	40	11014040
11141041	11140000	41	11014041
11141042	11140000	42	11014042
11141043	11140000	43	11014043
11141044	11140000	44	11014044
11141045	11140000	45	11014045
11141046	11140000	46	11014046
11141047	11140000	47	11014047
11141048	11140000	48	11014048
11141049	11140000	49	11014049
11141050	11140000	50	11014050
11141051	11140000	51	11014051
11141052	11140000	52	11014052
11141053	11140000	53	11014053
11141054	11140000	54	11014054
11141055	11140000	55	11014055
11141056	11140000	56	11014056
11141057	11140000	57	11014057
11141058	11140000	58	11014058
11141059	11140000	59	11014059
11141060	11140000	60	11014060
11141061	11140000	61	11014061
11141062	11140000	62	11014062
11141063	11140000	63	11014063
11141064	11140000	64	11014064
11141065	11140000	65	11014065
11141066	11140000	66	11014066
11141067	11140000	67	11014067
11141068	11140000	68	11014068
11141069	11140000	69	11014069
11141070	11140000	70	11014070
11141071	11140000	71	11014071
11141072	11140000	72	11014072
11141073	11140000	73	11014073
11141074	11140000	74	11014074
11141075	11140000	75	11014075
11141076	11140000	76	11014076
11141077	11140000	77	11014077
11141078	11140000	78	11014078
11141079	11140000	79	11014079
11141080	11140000	80	11014080
11141081	11140000	81	11014081
11141082	11140000	82	11014082
11141083	11140000	83	11014083
11141084	11140000	84	11014084
11141085	11140000	85	11014085
11141086	11140000	86	11014086
11141087	11140000	87	11014087
11141088	11140000	88	11014088
11141089	11140000	89	11014089
11141090	11140000	90	11014090
11141091	11140000	91	11014091
11141092	11140000	92	11014092
11141093	11140000	93	11014093
11141094	11140000	94	11014094
11141095	11140000	95	11014095
11141096	11140000	96	11014096
11141097	11140000	97	11014097
11141098	11140000	98	11014098
11141099	11140000	99	11014099
11141100	11140000	100	11014100
11111001	11110000	1	11011001
11111002	11110000	2	11011002
11111003	11110000	3	11011003
11111004	11110000	4	11011004
11111005	11110000	5	11011005
11111006	11110000	6	11011006
11111007	11110000	7	11011007
11111008	11110000	8	11011008
11111009	11110000	9	11011009
11111010	11110000	10	11011010
11111011	11110000	11	11011011
11111012	11110000	12	11011012
11111013	11110000	13	11011013
11111014	11110000	14	11011014
11111015	11110000	15	11011015
11111016	11110000	16	11011016
11111017	11110000	17	11011017
11111018	11110000	18	11011018
11111019	11110000	19	11011019
11111020	11110000	20	11011020
11111021	11110000	21	11011021
11111022	11110000	22	11011022
11111023	11110000	23	11011023
11111024	11110000	24	11011024
11111025	11110000	25	11011025
11111026	11110000	26	11011026
11111027	11110000	27	11011027
11111028	11110000	28	11011028
11111029	11110000	29	11011029
11111030	11110000	30	11011030
11111031	11110000	31	11011031
11111032	11110000	32	11011032
11111033	11110000	33	11011033
11111034	11110000	34	11011034
11111035	11110000	35	11011035
11111036	11110000	36	11011036
11111037	11110000	37	11011037
11111038	11110000	38	11011038
11111039	11110000	39	11011039
11111040	11110000	40	11011040
11111041	11110000	41	11011041
11111042	11110000	42	11011042
11111043	11110000	43	11011043
11111044	11110000	44	11011044
11111045	11110000	45	11011045
11111046	11110000	46	11011046
11111047	11110000	47	11011047
11111048	11110000	48	11011048
11111049	11110000	49	11011049
11111050	11110000	50	11011050
11111051	11110000	51	11011051
11111052	11110000	52	11011052
11111053	11110000	53	11011053
11111054	11110000	54	11011054
11111055	11110000	55	11011055
11111056	11110000	56	11011056
11111057	11110000	57	11011057
11111058	11110000	58	11011058
11111059	11110000	59	11011059
11111060	11110000	60	11011060
11111061	11110000	61	11011061
11111062	11110000	62	11011062
11111063	11110000	63	11011063
11111064	11110000	64	11011064
11111065	11110000	65	11011065
11111066	11110000	66	11011066
11111067	11110000	67	11011067
11111068	11110000	68	11011068
11111069	11110000	69	11011069
11111070	11110000	70	11011070
11111071	11110000	71	11011071
11111072	11110000	72	11011072
11111073	11110000	73	11011073
11111074	11110000	74	11011074
11111075	11110000	75	11011075
11111076	11110000	76	11011076
11111077	11110000	77	11011077
11111078	11110000	78	11011078
11111079	11110000	79	11011079
11111080	11110000	80	11011080
11111081	11110000	81	11011081
11111082	11110000	82	11011082
11111083	11110000	83	11011083
11111084	11110000	84	11011084
11111085	11110000	85	11011085
11111086	11110000	86	11011086
11111087	11110000	87	11011087
11111088	11110000	88	11011088
11111089	11110000	89	11011089
11111090	11110000	90	11011090
11111091	11110000	91	11011091
11111092	11110000	92	11011092
11111093	11110000	93	11011093
11111094	11110000	94	11011094
11111095	11110000	95	11011095
11111096	11110000	96	11011096
11111097	11110000	97	11011097
11111098	11110000	98	11011098
11111099	11110000	99	11011099
11111100	11110000	100	11011100
11031001	11030000	1	11003001
11031002	11030000	2	11003002
11031003	11030000	3	11003003
11031004	11030000	4	11003004
11031005	11030000	5	11003005
11031006	11030000	6	11003006
11031007	11030000	7	11003007
11031008	11030000	8	11003008
11031009	11030000	9	11003009
11031010	11030000	10	11003010
11031011	11030000	11	11003011
11031012	11030000	12	11003012
11031013	11030000	13	11003013
11031014	11030000	14	11003014
11031015	11030000	15	11003015
11031016	11030000	16	11003016
11031017	11030000	17	11003017
11031018	11030000	18	11003018
11031019	11030000	19	11003019
11031020	11030000	20	11003020
11031021	11030000	21	11003021
11031022	11030000	22	11003022
11031023	11030000	23	11003023
11031024	11030000	24	11003024
11031025	11030000	25	11003025
11031026	11030000	26	11003026
11031027	11030000	27	11003027
11031028	11030000	28	11003028
11031029	11030000	29	11003029
11031030	11030000	30	11003030
11031031	11030000	31	11003031
11031032	11030000	32	11003032
11031033	11030000	33	11003033
11031034	11030000	34	11003034
11031035	11030000	35	11003035
11031036	11030000	36	11003036
11031037	11030000	37	11003037
11031038	11030000	38	11003038
11031039	11030000	39	11003039
11031040	11030000	40	11003040
11031041	11030000	41	11003041
11031042	11030000	42	11003042
11031043	11030000	43	11003043
11031044	11030000	44	11003044
11031045	11030000	45	11003045
11031046	11030000	46	11003046
11031047	11030000	47	11003047
11031048	11030000	48	11003048
11031049	11030000	49	11003049
11031050	11030000	50	11003050
11031051	11030000	51	11003051
11031052	11030000	52	11003052
11031053	11030000	53	11003053
11031054	11030000	54	11003054
11031055	11030000	55	11003055
11031056	11030000	56	11003056
11031057	11030000	57	11003057
11031058	11030000	58	11003058
11031059	11030000	59	11003059
11031060	11030000	60	11003060
11031061	11030000	61	11003061
11031062	11030000	62	11003062
11031063	11030000	63	11003063
11031064	11030000	64	11003064
11031065	11030000	65	11003065
11031066	11030000	66	11003066
11031067	11030000	67	11003067
11031068	11030000	68	11003068
11031069	11030000	69	11003069
11031070	11030000	70	11003070
11031071	11030000	71	11003071
11031072	11030000	72	11003072
11031073	11030000	73	11003073
11031074	11030000	74	11003074
11031075	11030000	75	11003075
11031076	11030000	76	11003076
11031077	11030000	77	11003077
11031078	11030000	78	11003078
11031079	11030000	79	11003079
11031080	11030000	80	11003080
11031081	11030000	81	11003081
11031082	11030000	82	11003082
11031083	11030000	83	11003083
11031084	11030000	84	11003084
11031085	11030000	85	11003085
11031086	11030000	86	11003086
11031087	11030000	87	11003087
11031088	11030000	88	11003088
11031089	11030000	89	11003089
11031090	11030000	90	11003090
11031091	11030000	91	11003091
11031092	11030000	92	11003092
11031093	11030000	93	11003093
11031094	11030000	94	11003094
11031095	11030000	95	11003095
11031096	11030000	96	11003096
11031097	11030000	97	11003097
11031098	11030000	98	11003098
11031099	11030000	99	11003099
11031100	11030000	100	11003100
11021001	11020000	1	11002001
11021002	11020000	2	11002002
11021003	11020000	3	11002003
11021004	11020000	4	11002004
11021005	11020000	5	11002005
11021006	11020000	6	11002006
11021007	11020000	7	11002007
11021008	11020000	8	11002008
11021009	11020000	9	11002009
11021010	11020000	10	11002010
11021011	11020000	11	11002011
11021012	11020000	12	11002012
11021013	11020000	13	11002013
11021014	11020000	14	11002014
11021015	11020000	15	11002015
11021016	11020000	16	11002016
11021017	11020000	17	11002017
11021018	11020000	18	11002018
11021019	11020000	19	11002019
11021020	11020000	20	11002020
11021021	11020000	21	11002021
11021022	11020000	22	11002022
11021023	11020000	23	11002023
11021024	11020000	24	11002024
11021025	11020000	25	11002025
11021026	11020000	26	11002026
11021027	11020000	27	11002027
11021028	11020000	28	11002028
11021029	11020000	29	11002029
11021030	11020000	30	11002030
11021031	11020000	31	11002031
11021032	11020000	32	11002032
11021033	11020000	33	11002033
11021034	11020000	34	11002034
11021035	11020000	35	11002035
11021036	11020000	36	11002036
11021037	11020000	37	11002037
11021038	11020000	38	11002038
11021039	11020000	39	11002039
11021040	11020000	40	11002040
11021041	11020000	41	11002041
11021042	11020000	42	11002042
11021043	11020000	43	11002043
11021044	11020000	44	11002044
11021045	11020000	45	11002045
11021046	11020000	46	11002046
11021047	11020000	47	11002047
11021048	11020000	48	11002048
11021049	11020000	49	11002049
11021050	11020000	50	11002050
11021051	11020000	51	11002051
11021052	11020000	52	11002052
11021053	11020000	53	11002053
11021054	11020000	54	11002054
11021055	11020000	55	11002055
11021056	11020000	56	11002056
11021057	11020000	57	11002057
11021058	11020000	58	11002058
11021059	11020000	59	11002059
11021060	11020000	60	11002060
11021061	11020000	61	11002061
11021062	11020000	62	11002062
11021063	11020000	63	11002063
11021064	11020000	64	11002064
11021065	11020000	65	11002065
11021066	11020000	66	11002066
11021067	11020000	67	11002067
11021068	11020000	68	11002068
11021069	11020000	69	11002069
11021070	11020000	70	11002070
11021071	11020000	71	11002071
11021072	11020000	72	11002072
11021073	11020000	73	11002073
11021074	11020000	74	11002074
11021075	11020000	75	11002075
11021076	11020000	76	11002076
11021077	11020000	77	11002077
11021078	11020000	78	11002078
11021079	11020000	79	11002079
11021080	11020000	80	11002080
11021081	11020000	81	11002081
11021082	11020000	82	11002082
11021083	11020000	83	11002083
11021084	11020000	84	11002084
11021085	11020000	85	11002085
11021086	11020000	86	11002086
11021087	11020000	87	11002087
11021088	11020000	88	11002088
11021089	11020000	89	11002089
11021090	11020000	90	11002090
11021091	11020000	91	11002091
11021092	11020000	92	11002092
11021093	11020000	93	11002093
11021094	11020000	94	11002094
11021095	11020000	95	11002095
11021096	11020000	96	11002096
11021097	11020000	97	11002097
11021098	11020000	98	11002098
11021099	11020000	99	11002099
11021100	11020000	100	11002100
11131001	11130000	1	11013001
11131002	11130000	2	11013002
11131003	11130000	3	11013003
11131004	11130000	4	11013004
11131005	11130000	5	11013005
11131006	11130000	6	11013006
11131007	11130000	7	11013007
11131008	11130000	8	11013008
11131009	11130000	9	11013009
11131010	11130000	10	11013010
11131011	11130000	11	11013011
11131012	11130000	12	11013012
11131013	11130000	13	11013013
11131014	11130000	14	11013014
11131015	11130000	15	11013015
11131016	11130000	16	11013016
11131017	11130000	17	11013017
11131018	11130000	18	11013018
11131019	11130000	19	11013019
11131020	11130000	20	11013020
11131021	11130000	21	11013021
11131022	11130000	22	11013022
11131023	11130000	23	11013023
11131024	11130000	24	11013024
11131025	11130000	25	11013025
11131026	11130000	26	11013026
11131027	11130000	27	11013027
11131028	11130000	28	11013028
11131029	11130000	29	11013029
11131030	11130000	30	11013030
11131031	11130000	31	11013031
11131032	11130000	32	11013032
11131033	11130000	33	11013033
11131034	11130000	34	11013034
11131035	11130000	35	11013035
11131036	11130000	36	11013036
11131037	11130000	37	11013037
11131038	11130000	38	11013038
11131039	11130000	39	11013039
11131040	11130000	40	11013040
11131041	11130000	41	11013041
11131042	11130000	42	11013042
11131043	11130000	43	11013043
11131044	11130000	44	11013044
11131045	11130000	45	11013045
11131046	11130000	46	11013046
11131047	11130000	47	11013047
11131048	11130000	48	11013048
11131049	11130000	49	11013049
11131050	11130000	50	11013050
11131051	11130000	51	11013051
11131052	11130000	52	11013052
11131053	11130000	53	11013053
11131054	11130000	54	11013054
11131055	11130000	55	11013055
11131056	11130000	56	11013056
11131057	11130000	57	11013057
11131058	11130000	58	11013058
11131059	11130000	59	11013059
11131060	11130000	60	11013060
11131061	11130000	61	11013061
11131062	11130000	62	11013062
11131063	11130000	63	11013063
11131064	11130000	64	11013064
11131065	11130000	65	11013065
11131066	11130000	66	11013066
11131067	11130000	67	11013067
11131068	11130000	68	11013068
11131069	11130000	69	11013069
11131070	11130000	70	11013070
11131071	11130000	71	11013071
11131072	11130000	72	11013072
11131073	11130000	73	11013073
11131074	11130000	74	11013074
11131075	11130000	75	11013075
11131076	11130000	76	11013076
11131077	11130000	77	11013077
11131078	11130000	78	11013078
11131079	11130000	79	11013079
11131080	11130000	80	11013080
11131081	11130000	81	11013081
11131082	11130000	82	11013082
11131083	11130000	83	11013083
11131084	11130000	84	11013084
11131085	11130000	85	11013085
11131086	11130000	86	11013086
11131087	11130000	87	11013087
11131088	11130000	88	11013088
11131089	11130000	89	11013089
11131090	11130000	90	11013090
11131091	11130000	91	11013091
11131092	11130000	92	11013092
11131093	11130000	93	11013093
11131094	11130000	94	11013094
11131095	11130000	95	11013095
11131096	11130000	96	11013096
11131097	11130000	97	11013097
11131098	11130000	98	11013098
11131099	11130000	99	11013099
11131100	11130000	100	11013100
11071001	11070000	1	11007001
11071002	11070000	2	11007002
11071003	11070000	3	11007003
11071004	11070000	4	11007004
11071005	11070000	5	11007005
11071006	11070000	6	11007006
11071007	11070000	7	11007007
11071008	11070000	8	11007008
11071009	11070000	9	11007009
11071010	11070000	10	11007010
11071011	11070000	11	11007011
11071012	11070000	12	11007012
11071013	11070000	13	11007013
11071014	11070000	14	11007014
11071015	11070000	15	11007015
11071016	11070000	16	11007016
11071017	11070000	17	11007017
11071018	11070000	18	11007018
11071019	11070000	19	11007019
11071020	11070000	20	11007020
11071021	11070000	21	11007021
11071022	11070000	22	11007022
11071023	11070000	23	11007023
11071024	11070000	24	11007024
11071025	11070000	25	11007025
11071026	11070000	26	11007026
11071027	11070000	27	11007027
11071028	11070000	28	11007028
11071029	11070000	29	11007029
11071030	11070000	30	11007030
11071031	11070000	31	11007031
11071032	11070000	32	11007032
11071033	11070000	33	11007033
11071034	11070000	34	11007034
11071035	11070000	35	11007035
11071036	11070000	36	11007036
11071037	11070000	37	11007037
11071038	11070000	38	11007038
11071039	11070000	39	11007039
11071040	11070000	40	11007040
11071041	11070000	41	11007041
11071042	11070000	42	11007042
11071043	11070000	43	11007043
11071044	11070000	44	11007044
11071045	11070000	45	11007045
11071046	11070000	46	11007046
11071047	11070000	47	11007047
11071048	11070000	48	11007048
11071049	11070000	49	11007049
11071050	11070000	50	11007050
11071051	11070000	51	11007051
11071052	11070000	52	11007052
11071053	11070000	53	11007053
11071054	11070000	54	11007054
11071055	11070000	55	11007055
11071056	11070000	56	11007056
11071057	11070000	57	11007057
11071058	11070000	58	11007058
11071059	11070000	59	11007059
11071060	11070000	60	11007060
11071061	11070000	61	11007061
11071062	11070000	62	11007062
11071063	11070000	63	11007063
11071064	11070000	64	11007064
11071065	11070000	65	11007065
11071066	11070000	66	11007066
11071067	11070000	67	11007067
11071068	11070000	68	11007068
11071069	11070000	69	11007069
11071070	11070000	70	11007070
11071071	11070000	71	11007071
11071072	11070000	72	11007072
11071073	11070000	73	11007073
11071074	11070000	74	11007074
11071075	11070000	75	11007075
11071076	11070000	76	11007076
11071077	11070000	77	11007077
11071078	11070000	78	11007078
11071079	11070000	79	11007079
11071080	11070000	80	11007080
11071081	11070000	81	11007081
11071082	11070000	82	11007082
11071083	11070000	83	11007083
11071084	11070000	84	11007084
11071085	11070000	85	11007085
11071086	11070000	86	11007086
11071087	11070000	87	11007087
11071088	11070000	88	11007088
11071089	11070000	89	11007089
11071090	11070000	90	11007090
11071091	11070000	91	11007091
11071092	11070000	92	11007092
11071093	11070000	93	11007093
11071094	11070000	94	11007094
11071095	11070000	95	11007095
11071096	11070000	96	11007096
11071097	11070000	97	11007097
11071098	11070000	98	11007098
11071099	11070000	99	11007099
11071100	11070000	100	11007100
11091001	11090000	1	11009001
11091002	11090000	2	11009002
11091003	11090000	3	11009003
11091004	11090000	4	11009004
11091005	11090000	5	11009005
11091006	11090000	6	11009006
11091007	11090000	7	11009007
11091008	11090000	8	11009008
11091009	11090000	9	11009009
11091010	11090000	10	11009010
11091011	11090000	11	11009011
11091012	11090000	12	11009012
11091013	11090000	13	11009013
11091014	11090000	14	11009014
11091015	11090000	15	11009015
11091016	11090000	16	11009016
11091017	11090000	17	11009017
11091018	11090000	18	11009018
11091019	11090000	19	11009019
11091020	11090000	20	11009020
11091021	11090000	21	11009021
11091022	11090000	22	11009022
11091023	11090000	23	11009023
11091024	11090000	24	11009024
11091025	11090000	25	11009025
11091026	11090000	26	11009026
11091027	11090000	27	11009027
11091028	11090000	28	11009028
11091029	11090000	29	11009029
11091030	11090000	30	11009030
11091031	11090000	31	11009031
11091032	11090000	32	11009032
11091033	11090000	33	11009033
11091034	11090000	34	11009034
11091035	11090000	35	11009035
11091036	11090000	36	11009036
11091037	11090000	37	11009037
11091038	11090000	38	11009038
11091039	11090000	39	11009039
11091040	11090000	40	11009040
11091041	11090000	41	11009041
11091042	11090000	42	11009042
11091043	11090000	43	11009043
11091044	11090000	44	11009044
11091045	11090000	45	11009045
11091046	11090000	46	11009046
11091047	11090000	47	11009047
11091048	11090000	48	11009048
11091049	11090000	49	11009049
11091050	11090000	50	11009050
11091051	11090000	51	11009051
11091052	11090000	52	11009052
11091053	11090000	53	11009053
11091054	11090000	54	11009054
11091055	11090000	55	11009055
11091056	11090000	56	11009056
11091057	11090000	57	11009057
11091058	11090000	58	11009058
11091059	11090000	59	11009059
11091060	11090000	60	11009060
11091061	11090000	61	11009061
11091062	11090000	62	11009062
11091063	11090000	63	11009063
11091064	11090000	64	11009064
11091065	11090000	65	11009065
11091066	11090000	66	11009066
11091067	11090000	67	11009067
11091068	11090000	68	11009068
11091069	11090000	69	11009069
11091070	11090000	70	11009070
11091071	11090000	71	11009071
11091072	11090000	72	11009072
11091073	11090000	73	11009073
11091074	11090000	74	11009074
11091075	11090000	75	11009075
11091076	11090000	76	11009076
11091077	11090000	77	11009077
11091078	11090000	78	11009078
11091079	11090000	79	11009079
11091080	11090000	80	11009080
11091081	11090000	81	11009081
11091082	11090000	82	11009082
11091083	11090000	83	11009083
11091084	11090000	84	11009084
11091085	11090000	85	11009085
11091086	11090000	86	11009086
11091087	11090000	87	11009087
11091088	11090000	88	11009088
11091089	11090000	89	11009089
11091090	11090000	90	11009090
11091091	11090000	91	11009091
11091092	11090000	92	11009092
11091093	11090000	93	11009093
11091094	11090000	94	11009094
11091095	11090000	95	11009095
11091096	11090000	96	11009096
11091097	11090000	97	11009097
11091098	11090000	98	11009098
11091099	11090000	99	11009099
11091100	11090000	100	11009100
11011001	11010000	1	11001001
11011002	11010000	2	11001002
11011003	11010000	3	11001003
11011004	11010000	4	11001004
11011005	11010000	5	11001005
11011006	11010000	6	11001006
11011007	11010000	7	11001007
11011008	11010000	8	11001008
11011009	11010000	9	11001009
11011010	11010000	10	11001010
11011011	11010000	11	11001011
11011012	11010000	12	11001012
11011013	11010000	13	11001013
11011014	11010000	14	11001014
11011015	11010000	15	11001015
11011016	11010000	16	11001016
11011017	11010000	17	11001017
11011018	11010000	18	11001018
11011019	11010000	19	11001019
11011020	11010000	20	11001020
11011021	11010000	21	11001021
11011022	11010000	22	11001022
11011023	11010000	23	11001023
11011024	11010000	24	11001024
11011025	11010000	25	11001025
11011026	11010000	26	11001026
11011027	11010000	27	11001027
11011028	11010000	28	11001028
11011029	11010000	29	11001029
11011030	11010000	30	11001030
11011031	11010000	31	11001031
11011032	11010000	32	11001032
11011033	11010000	33	11001033
11011034	11010000	34	11001034
11011035	11010000	35	11001035
11011036	11010000	36	11001036
11011037	11010000	37	11001037
11011038	11010000	38	11001038
11011039	11010000	39	11001039
11011040	11010000	40	11001040
11011041	11010000	41	11001041
11011042	11010000	42	11001042
11011043	11010000	43	11001043
11011044	11010000	44	11001044
11011045	11010000	45	11001045
11011046	11010000	46	11001046
11011047	11010000	47	11001047
11011048	11010000	48	11001048
11011049	11010000	49	11001049
11011050	11010000	50	11001050
11011051	11010000	51	11001051
11011052	11010000	52	11001052
11011053	11010000	53	11001053
11011054	11010000	54	11001054
11011055	11010000	55	11001055
11011056	11010000	56	11001056
11011057	11010000	57	11001057
11011058	11010000	58	11001058
11011059	11010000	59	11001059
11011060	11010000	60	11001060
11011061	11010000	61	11001061
11011062	11010000	62	11001062
11011063	11010000	63	11001063
11011064	11010000	64	11001064
11011065	11010000	65	11001065
11011066	11010000	66	11001066
11011067	11010000	67	11001067
11011068	11010000	68	11001068
11011069	11010000	69	11001069
11011070	11010000	70	11001070
11011071	11010000	71	11001071
11011072	11010000	72	11001072
11011073	11010000	73	11001073
11011074	11010000	74	11001074
11011075	11010000	75	11001075
11011076	11010000	76	11001076
11011077	11010000	77	11001077
11011078	11010000	78	11001078
11011079	11010000	79	11001079
11011080	11010000	80	11001080
11011081	11010000	81	11001081
11011082	11010000	82	11001082
11011083	11010000	83	11001083
11011084	11010000	84	11001084
11011085	11010000	85	11001085
11011086	11010000	86	11001086
11011087	11010000	87	11001087
11011088	11010000	88	11001088
11011089	11010000	89	11001089
11011090	11010000	90	11001090
11011091	11010000	91	11001091
11011092	11010000	92	11001092
11011093	11010000	93	11001093
11011094	11010000	94	11001094
11011095	11010000	95	11001095
11011096	11010000	96	11001096
11011097	11010000	97	11001097
11011098	11010000	98	11001098
11011099	11010000	99	11001099
11011100	11010000	100	11001100
11121001	11120000	1	11012001
11121002	11120000	2	11012002
11121003	11120000	3	11012003
11121004	11120000	4	11012004
11121005	11120000	5	11012005
11121006	11120000	6	11012006
11121007	11120000	7	11012007
11121008	11120000	8	11012008
11121009	11120000	9	11012009
11121010	11120000	10	11012010
11121011	11120000	11	11012011
11121012	11120000	12	11012012
11121013	11120000	13	11012013
11121014	11120000	14	11012014
11121015	11120000	15	11012015
11121016	11120000	16	11012016
11121017	11120000	17	11012017
11121018	11120000	18	11012018
11121019	11120000	19	11012019
11121020	11120000	20	11012020
11121021	11120000	21	11012021
11121022	11120000	22	11012022
11121023	11120000	23	11012023
11121024	11120000	24	11012024
11121025	11120000	25	11012025
11121026	11120000	26	11012026
11121027	11120000	27	11012027
11121028	11120000	28	11012028
11121029	11120000	29	11012029
11121030	11120000	30	11012030
11121031	11120000	31	11012031
11121032	11120000	32	11012032
11121033	11120000	33	11012033
11121034	11120000	34	11012034
11121035	11120000	35	11012035
11121036	11120000	36	11012036
11121037	11120000	37	11012037
11121038	11120000	38	11012038
11121039	11120000	39	11012039
11121040	11120000	40	11012040
11121041	11120000	41	11012041
11121042	11120000	42	11012042
11121043	11120000	43	11012043
11121044	11120000	44	11012044
11121045	11120000	45	11012045
11121046	11120000	46	11012046
11121047	11120000	47	11012047
11121048	11120000	48	11012048
11121049	11120000	49	11012049
11121050	11120000	50	11012050
11121051	11120000	51	11012051
11121052	11120000	52	11012052
11121053	11120000	53	11012053
11121054	11120000	54	11012054
11121055	11120000	55	11012055
11121056	11120000	56	11012056
11121057	11120000	57	11012057
11121058	11120000	58	11012058
11121059	11120000	59	11012059
11121060	11120000	60	11012060
11121061	11120000	61	11012061
11121062	11120000	62	11012062
11121063	11120000	63	11012063
11121064	11120000	64	11012064
11121065	11120000	65	11012065
11121066	11120000	66	11012066
11121067	11120000	67	11012067
11121068	11120000	68	11012068
11121069	11120000	69	11012069
11121070	11120000	70	11012070
11121071	11120000	71	11012071
11121072	11120000	72	11012072
11121073	11120000	73	11012073
11121074	11120000	74	11012074
11121075	11120000	75	11012075
11121076	11120000	76	11012076
11121077	11120000	77	11012077
11121078	11120000	78	11012078
11121079	11120000	79	11012079
11121080	11120000	80	11012080
11121081	11120000	81	11012081
11121082	11120000	82	11012082
11121083	11120000	83	11012083
11121084	11120000	84	11012084
11121085	11120000	85	11012085
11121086	11120000	86	11012086
11121087	11120000	87	11012087
11121088	11120000	88	11012088
11121089	11120000	89	11012089
11121090	11120000	90	11012090
11121091	11120000	91	11012091
11121092	11120000	92	11012092
11121093	11120000	93	11012093
11121094	11120000	94	11012094
11121095	11120000	95	11012095
11121096	11120000	96	11012096
11121097	11120000	97	11012097
11121098	11120000	98	11012098
11121099	11120000	99	11012099
11121100	11120000	100	11012100
11061001	11060000	1	11006001
11061002	11060000	2	11006002
11061003	11060000	3	11006003
11061004	11060000	4	11006004
11061005	11060000	5	11006005
11061006	11060000	6	11006006
11061007	11060000	7	11006007
11061008	11060000	8	11006008
11061009	11060000	9	11006009
11061010	11060000	10	11006010
11061011	11060000	11	11006011
11061012	11060000	12	11006012
11061013	11060000	13	11006013
11061014	11060000	14	11006014
11061015	11060000	15	11006015
11061016	11060000	16	11006016
11061017	11060000	17	11006017
11061018	11060000	18	11006018
11061019	11060000	19	11006019
11061020	11060000	20	11006020
11061021	11060000	21	11006021
11061022	11060000	22	11006022
11061023	11060000	23	11006023
11061024	11060000	24	11006024
11061025	11060000	25	11006025
11061026	11060000	26	11006026
11061027	11060000	27	11006027
11061028	11060000	28	11006028
11061029	11060000	29	11006029
11061030	11060000	30	11006030
11061031	11060000	31	11006031
11061032	11060000	32	11006032
11061033	11060000	33	11006033
11061034	11060000	34	11006034
11061035	11060000	35	11006035
11061036	11060000	36	11006036
11061037	11060000	37	11006037
11061038	11060000	38	11006038
11061039	11060000	39	11006039
11061040	11060000	40	11006040
11061041	11060000	41	11006041
11061042	11060000	42	11006042
11061043	11060000	43	11006043
11061044	11060000	44	11006044
11061045	11060000	45	11006045
11061046	11060000	46	11006046
11061047	11060000	47	11006047
11061048	11060000	48	11006048
11061049	11060000	49	11006049
11061050	11060000	50	11006050
11061051	11060000	51	11006051
11061052	11060000	52	11006052
11061053	11060000	53	11006053
11061054	11060000	54	11006054
11061055	11060000	55	11006055
11061056	11060000	56	11006056
11061057	11060000	57	11006057
11061058	11060000	58	11006058
11061059	11060000	59	11006059
11061060	11060000	60	11006060
11061061	11060000	61	11006061
11061062	11060000	62	11006062
11061063	11060000	63	11006063
11061064	11060000	64	11006064
11061065	11060000	65	11006065
11061066	11060000	66	11006066
11061067	11060000	67	11006067
11061068	11060000	68	11006068
11061069	11060000	69	11006069
11061070	11060000	70	11006070
11061071	11060000	71	11006071
11061072	11060000	72	11006072
11061073	11060000	73	11006073
11061074	11060000	74	11006074
11061075	11060000	75	11006075
11061076	11060000	76	11006076
11061077	11060000	77	11006077
11061078	11060000	78	11006078
11061079	11060000	79	11006079
11061080	11060000	80	11006080
11061081	11060000	81	11006081
11061082	11060000	82	11006082
11061083	11060000	83	11006083
11061084	11060000	84	11006084
11061085	11060000	85	11006085
11061086	11060000	86	11006086
11061087	11060000	87	11006087
11061088	11060000	88	11006088
11061089	11060000	89	11006089
11061090	11060000	90	11006090
11061091	11060000	91	11006091
11061092	11060000	92	11006092
11061093	11060000	93	11006093
11061094	11060000	94	11006094
11061095	11060000	95	11006095
11061096	11060000	96	11006096
11061097	11060000	97	11006097
11061098	11060000	98	11006098
11061099	11060000	99	11006099
11061100	11060000	100	11006100
11041001	11040000	1	11004001
11041002	11040000	2	11004002
11041003	11040000	3	11004003
11041004	11040000	4	11004004
11041005	11040000	5	11004005
11041006	11040000	6	11004006
11041007	11040000	7	11004007
11041008	11040000	8	11004008
11041009	11040000	9	11004009
11041010	11040000	10	11004010
11041011	11040000	11	11004011
11041012	11040000	12	11004012
11041013	11040000	13	11004013
11041014	11040000	14	11004014
11041015	11040000	15	11004015
11041016	11040000	16	11004016
11041017	11040000	17	11004017
11041018	11040000	18	11004018
11041019	11040000	19	11004019
11041020	11040000	20	11004020
11041021	11040000	21	11004021
11041022	11040000	22	11004022
11041023	11040000	23	11004023
11041024	11040000	24	11004024
11041025	11040000	25	11004025
11041026	11040000	26	11004026
11041027	11040000	27	11004027
11041028	11040000	28	11004028
11041029	11040000	29	11004029
11041030	11040000	30	11004030
11041031	11040000	31	11004031
11041032	11040000	32	11004032
11041033	11040000	33	11004033
11041034	11040000	34	11004034
11041035	11040000	35	11004035
11041036	11040000	36	11004036
11041037	11040000	37	11004037
11041038	11040000	38	11004038
11041039	11040000	39	11004039
11041040	11040000	40	11004040
11041041	11040000	41	11004041
11041042	11040000	42	11004042
11041043	11040000	43	11004043
11041044	11040000	44	11004044
11041045	11040000	45	11004045
11041046	11040000	46	11004046
11041047	11040000	47	11004047
11041048	11040000	48	11004048
11041049	11040000	49	11004049
11041050	11040000	50	11004050
11041051	11040000	51	11004051
11041052	11040000	52	11004052
11041053	11040000	53	11004053
11041054	11040000	54	11004054
11041055	11040000	55	11004055
11041056	11040000	56	11004056
11041057	11040000	57	11004057
11041058	11040000	58	11004058
11041059	11040000	59	11004059
11041060	11040000	60	11004060
11041061	11040000	61	11004061
11041062	11040000	62	11004062
11041063	11040000	63	11004063
11041064	11040000	64	11004064
11041065	11040000	65	11004065
11041066	11040000	66	11004066
11041067	11040000	67	11004067
11041068	11040000	68	11004068
11041069	11040000	69	11004069
11041070	11040000	70	11004070
11041071	11040000	71	11004071
11041072	11040000	72	11004072
11041073	11040000	73	11004073
11041074	11040000	74	11004074
11041075	11040000	75	11004075
11041076	11040000	76	11004076
11041077	11040000	77	11004077
11041078	11040000	78	11004078
11041079	11040000	79	11004079
11041080	11040000	80	11004080
11041081	11040000	81	11004081
11041082	11040000	82	11004082
11041083	11040000	83	11004083
11041084	11040000	84	11004084
11041085	11040000	85	11004085
11041086	11040000	86	11004086
11041087	11040000	87	11004087
11041088	11040000	88	11004088
11041089	11040000	89	11004089
11041090	11040000	90	11004090
11041091	11040000	91	11004091
11041092	11040000	92	11004092
11041093	11040000	93	11004093
11041094	11040000	94	11004094
11041095	11040000	95	11004095
11041096	11040000	96	11004096
11041097	11040000	97	11004097
11041098	11040000	98	11004098
11041099	11040000	99	11004099
11041100	11040000	100	11004100
11151001	11150000	1	11015001
11151002	11150000	2	11015002
11151003	11150000	3	11015003
11151004	11150000	4	11015004
11151005	11150000	5	11015005
11151006	11150000	6	11015006
11151007	11150000	7	11015007
11151008	11150000	8	11015008
11151009	11150000	9	11015009
11151010	11150000	10	11015010
11151011	11150000	11	11015011
11151012	11150000	12	11015012
11151013	11150000	13	11015013
11151014	11150000	14	11015014
11151015	11150000	15	11015015
11151016	11150000	16	11015016
11151017	11150000	17	11015017
11151018	11150000	18	11015018
11151019	11150000	19	11015019
11151020	11150000	20	11015020
11151021	11150000	21	11015021
11151022	11150000	22	11015022
11151023	11150000	23	11015023
11151024	11150000	24	11015024
11151025	11150000	25	11015025
11151026	11150000	26	11015026
11151027	11150000	27	11015027
11151028	11150000	28	11015028
11151029	11150000	29	11015029
11151030	11150000	30	11015030
11151031	11150000	31	11015031
11151032	11150000	32	11015032
11151033	11150000	33	11015033
11151034	11150000	34	11015034
11151035	11150000	35	11015035
11151036	11150000	36	11015036
11151037	11150000	37	11015037
11151038	11150000	38	11015038
11151039	11150000	39	11015039
11151040	11150000	40	11015040
11151041	11150000	41	11015041
11151042	11150000	42	11015042
11151043	11150000	43	11015043
11151044	11150000	44	11015044
11151045	11150000	45	11015045
11151046	11150000	46	11015046
11151047	11150000	47	11015047
11151048	11150000	48	11015048
11151049	11150000	49	11015049
11151050	11150000	50	11015050
11151051	11150000	51	11015051
11151052	11150000	52	11015052
11151053	11150000	53	11015053
11151054	11150000	54	11015054
11151055	11150000	55	11015055
11151056	11150000	56	11015056
11151057	11150000	57	11015057
11151058	11150000	58	11015058
11151059	11150000	59	11015059
11151060	11150000	60	11015060
11151061	11150000	61	11015061
11151062	11150000	62	11015062
11151063	11150000	63	11015063
11151064	11150000	64	11015064
11151065	11150000	65	11015065
11151066	11150000	66	11015066
11151067	11150000	67	11015067
11151068	11150000	68	11015068
11151069	11150000	69	11015069
11151070	11150000	70	11015070
11151071	11150000	71	11015071
11151072	11150000	72	11015072
11151073	11150000	73	11015073
11151074	11150000	74	11015074
11151075	11150000	75	11015075
11151076	11150000	76	11015076
11151077	11150000	77	11015077
11151078	11150000	78	11015078
11151079	11150000	79	11015079
11151080	11150000	80	11015080
11151081	11150000	81	11015081
11151082	11150000	82	11015082
11151083	11150000	83	11015083
11151084	11150000	84	11015084
11151085	11150000	85	11015085
11151086	11150000	86	11015086
11151087	11150000	87	11015087
11151088	11150000	88	11015088
11151089	11150000	89	11015089
11151090	11150000	90	11015090
11151091	11150000	91	11015091
11151092	11150000	92	11015092
11151093	11150000	93	11015093
11151094	11150000	94	11015094
11151095	11150000	95	11015095
11151096	11150000	96	11015096
11151097	11150000	97	11015097
11151098	11150000	98	11015098
11151099	11150000	99	11015099
11151100	11150000	100	11015100
