id	type	is_active	weight	prize_data
int	int	int	int	string
奖池ID	奖池类型	是否激活	权重	奖励内容
1	0	1	100	1_11030000_11031001
11001	1	1	210	1_11100000_11101001
11002	1	1	210	1_11100000_11101002
11003	1	1	210	1_11100000_11101003
11004	1	1	210	1_11100000_11101004
11005	1	1	105	1_11080000_11081001
11006	1	1	105	1_11080000_11081002
11007	1	1	105	1_11080000_11081003
11008	1	1	105	1_11080000_11081004
11009	1	1	70	1_11050000_11051001
11010	1	1	70	1_11050000_11051002
11011	1	1	70	1_11050000_11051003
11012	1	1	70	1_11050000_11051004
11013	1	1	0	1_11140000_11141001
11014	1	1	0	1_11140000_11141002
11015	1	1	0	1_11140000_11141003
11016	1	1	0	1_11140000_11141004
11017	1	1	0	1_11110000_11111001
11018	1	1	0	1_11110000_11111002
11019	1	1	0	1_11110000_11111003
11020	1	1	0	1_11110000_11111004
11021	1	1	210	1_11030000_11031001
11022	1	1	210	1_11030000_11031002
11023	1	1	210	1_11030000_11031003
11024	1	1	210	1_11030000_11031004
11025	1	1	105	1_11020000_11021001
11026	1	1	105	1_11020000_11021002
11027	1	1	105	1_11020000_11021003
11028	1	1	105	1_11020000_11021004
11029	1	1	70	1_11130000_11131001
11030	1	1	70	1_11130000_11131002
11031	1	1	70	1_11130000_11131003
11032	1	1	70	1_11130000_11131004
11033	1	1	0	1_11070000_11071001
11034	1	1	0	1_11070000_11071002
11035	1	1	0	1_11070000_11071003
11036	1	1	0	1_11070000_11071004
11037	1	1	0	1_11090000_11091001
11038	1	1	0	1_11090000_11091002
11039	1	1	0	1_11090000_11091003
11040	1	1	0	1_11090000_11091004
11041	1	1	210	1_11010000_11011001
11042	1	1	210	1_11010000_11011002
11043	1	1	210	1_11010000_11011003
11044	1	1	210	1_11010000_11011004
11045	1	1	105	1_11120000_11121001
11046	1	1	105	1_11120000_11121002
11047	1	1	105	1_11120000_11121003
11048	1	1	105	1_11120000_11121004
11049	1	1	70	1_11060000_11061001
11050	1	1	70	1_11060000_11061002
11051	1	1	70	1_11060000_11061003
11052	1	1	70	1_11060000_11061004
11053	1	1	0	1_11040000_11041001
11054	1	1	0	1_11040000_11041002
11055	1	1	0	1_11040000_11041003
11056	1	1	0	1_11040000_11041004
11057	1	1	0	1_11150000_11151001
11058	1	1	0	1_11150000_11151002
11059	1	1	0	1_11150000_11151003
11060	1	1	0	1_11150000_11151004
12001	1	1	629	2_31001011_20
12002	1	1	599	2_31001012_14
12003	1	1	524	2_31001013_8
12004	1	1	629	2_31001021_20
12005	1	1	599	2_31001022_14
12006	1	1	524	2_31001023_8
12007	1	1	629	2_31001031_20
12008	1	1	599	2_31001032_14
12009	1	1	524	2_31001033_8
12010	1	1	0	2_31001041_10
12011	1	1	0	2_31001042_7
12012	1	1	0	2_31001043_4
12013	1	1	2516	2_31002001_1
12014	1	1	1258	2_31002002_1
12015	1	1	2516	2_31002003_1
12016	1	1	0	2_31002004_1
12017	1	1	839	2_31002005_1
12018	1	1	839	2_31002006_1
12019	1	1	0	2_31002007_1
12020	1	1	1258	2_31002008_1
12021	1	1	0	2_31002009_1
12022	1	1	2516	2_31002010_1
12023	1	1	0	2_31002011_1
12024	1	1	1258	2_31002012_1
12025	1	1	839	2_31002013_1
12026	1	1	0	2_31002014_1
12027	1	1	0	2_31002015_1
12028	1	1	1258	2_31003011_20
12029	1	1	898	2_31003012_14
12030	1	1	1048	2_31003013_8
12031	1	1	1258	2_31003021_20
12032	1	1	898	2_31003022_14
12033	1	1	1048	2_31003023_8
12034	1	1	1258	2_31003031_20
12035	1	1	898	2_31003032_14
12036	1	1	1048	2_31003033_8
12037	1	1	0	2_31003041_20
12038	1	1	0	2_31003042_10
12039	1	1	0	2_31003043_8
12040	1	1	0	2_31003044_4
12041	1	1	0	2_31003045_2
12042	1	1	0	2_31003046_2
12043	1	1	0	2_31003047_1
12044	1	1	0	2_31003048_1
12045	1	1	0	2_31003049_1
12046	1	1	2516	2_31004001_25
12047	1	1	1048	2_31004002_15
12048	1	1	1048	2_31004003_8
12049	1	1	1398	2_31004004_3
12050	1	1	898	2_31004005_2
12051	1	1	2516	2_31005001_10
12052	1	1	3145	2_31006001_40
12053	1	1	4193	2_31006002_15
12054	1	1	5241	2_31006003_4
12055	1	1	5241	2_31006004_2
12056	1	1	4193	2_31007001_30
12057	1	1	4193	2_31007002_30
12058	1	1	4193	2_31007003_30
12059	1	1	4193	2_31007004_30
12060	1	1	4193	2_31007005_30
12061	1	1	4193	2_31007006_30
12062	1	1	4193	2_31007007_30
12063	1	1	4193	2_31007008_30
12064	1	1	4193	2_31007009_30
13001	1	1	84	8_4000031_1_1
13002	1	1	84	8_4000034_1_1
13003	1	1	84	8_4000037_1_1
13004	1	1	57	8_4000041_1_1
13005	1	1	57	8_4000044_1_1
13006	1	1	57	8_4000047_1_1
13007	1	1	42	8_4000051_1_1
13008	1	1	42	8_4000054_1_1
13009	1	1	42	8_4000057_1_1
13010	1	1	57	8_4000141_1_1
13011	1	1	57	8_4000144_1_1
13012	1	1	57	8_4000147_1_1
13013	1	1	42	8_4000151_1_1
13014	1	1	42	8_4000154_1_1
13015	1	1	42	8_4000157_1_1
13016	1	1	42	8_4000251_1_1
13017	1	1	42	8_4000254_1_1
13018	1	1	42	8_4000257_1_1
13019	1	1	84	8_4100031_1_1
13020	1	1	57	8_4100041_1_1
13021	1	1	42	8_4100051_1_1
13022	1	1	84	8_4100132_1_1
13023	1	1	57	8_4100142_1_1
13024	1	1	42	8_4100152_1_1
13025	1	1	84	8_4100233_1_1
13026	1	1	57	8_4100243_1_1
13027	1	1	42	8_4100253_1_1
13028	1	1	84	8_4100334_1_1
13029	1	1	57	8_4100344_1_1
13030	1	1	42	8_4100354_1_1
21001	2	1	210	1_11100000_11101001
21002	2	1	210	1_11100000_11101002
21003	2	1	210	1_11100000_11101003
21004	2	1	210	1_11100000_11101004
21005	2	1	105	1_11080000_11081001
21006	2	1	105	1_11080000_11081002
21007	2	1	105	1_11080000_11081003
21008	2	1	105	1_11080000_11081004
21009	2	1	70	1_11050000_11051001
21010	2	1	70	1_11050000_11051002
21011	2	1	70	1_11050000_11051003
21012	2	1	70	1_11050000_11051004
21013	2	1	0	1_11140000_11141001
21014	2	1	0	1_11140000_11141002
21015	2	1	0	1_11140000_11141003
21016	2	1	0	1_11140000_11141004
21017	2	1	0	1_11110000_11111001
21018	2	1	0	1_11110000_11111002
21019	2	1	0	1_11110000_11111003
21020	2	1	0	1_11110000_11111004
21021	2	1	210	1_11030000_11031001
21022	2	1	210	1_11030000_11031002
21023	2	1	210	1_11030000_11031003
21024	2	1	210	1_11030000_11031004
21025	2	1	105	1_11020000_11021001
21026	2	1	105	1_11020000_11021002
21027	2	1	105	1_11020000_11021003
21028	2	1	105	1_11020000_11021004
21029	2	1	70	1_11130000_11131001
21030	2	1	70	1_11130000_11131002
21031	2	1	70	1_11130000_11131003
21032	2	1	70	1_11130000_11131004
21033	2	1	0	1_11070000_11071001
21034	2	1	0	1_11070000_11071002
21035	2	1	0	1_11070000_11071003
21036	2	1	0	1_11070000_11071004
21037	2	1	0	1_11090000_11091001
21038	2	1	0	1_11090000_11091002
21039	2	1	0	1_11090000_11091003
21040	2	1	0	1_11090000_11091004
21041	2	1	210	1_11010000_11011001
21042	2	1	210	1_11010000_11011002
21043	2	1	210	1_11010000_11011003
21044	2	1	210	1_11010000_11011004
21045	2	1	105	1_11120000_11121001
21046	2	1	105	1_11120000_11121002
21047	2	1	105	1_11120000_11121003
21048	2	1	105	1_11120000_11121004
21049	2	1	70	1_11060000_11061001
21050	2	1	70	1_11060000_11061002
21051	2	1	70	1_11060000_11061003
21052	2	1	70	1_11060000_11061004
21053	2	1	0	1_11040000_11041001
21054	2	1	0	1_11040000_11041002
21055	2	1	0	1_11040000_11041003
21056	2	1	0	1_11040000_11041004
21057	2	1	0	1_11150000_11151001
21058	2	1	0	1_11150000_11151002
21059	2	1	0	1_11150000_11151003
21060	2	1	0	1_11150000_11151004
22001	2	1	629	2_31001011_20
22002	2	1	599	2_31001012_14
22003	2	1	524	2_31001013_8
22004	2	1	629	2_31001021_20
22005	2	1	599	2_31001022_14
22006	2	1	524	2_31001023_8
22007	2	1	629	2_31001031_20
22008	2	1	599	2_31001032_14
22009	2	1	524	2_31001033_8
22010	2	1	0	2_31001041_10
22011	2	1	0	2_31001042_7
22012	2	1	0	2_31001043_4
22013	2	1	2516	2_31002001_1
22014	2	1	1258	2_31002002_1
22015	2	1	2516	2_31002003_1
22016	2	1	0	2_31002004_1
22017	2	1	839	2_31002005_1
22018	2	1	839	2_31002006_1
22019	2	1	0	2_31002007_1
22020	2	1	1258	2_31002008_1
22021	2	1	0	2_31002009_1
22022	2	1	2516	2_31002010_1
22023	2	1	0	2_31002011_1
22024	2	1	1258	2_31002012_1
22025	2	1	839	2_31002013_1
22026	2	1	0	2_31002014_1
22027	2	1	0	2_31002015_1
22028	2	1	1258	2_31003011_20
22029	2	1	898	2_31003012_14
22030	2	1	1048	2_31003013_8
22031	2	1	1258	2_31003021_20
22032	2	1	898	2_31003022_14
22033	2	1	1048	2_31003023_8
22034	2	1	1258	2_31003031_20
22035	2	1	898	2_31003032_14
22036	2	1	1048	2_31003033_8
22037	2	1	0	2_31003041_20
22038	2	1	0	2_31003042_10
22039	2	1	0	2_31003043_8
22040	2	1	0	2_31003044_4
22041	2	1	0	2_31003045_2
22042	2	1	0	2_31003046_2
22043	2	1	0	2_31003047_1
22044	2	1	0	2_31003048_1
22045	2	1	0	2_31003049_1
22046	2	1	2516	2_31004001_25
22047	2	1	1048	2_31004002_15
22048	2	1	1048	2_31004003_8
22049	2	1	1398	2_31004004_3
22050	2	1	898	2_31004005_2
22051	2	1	2516	2_31005001_10
22052	2	1	3145	2_31006001_40
22053	2	1	4193	2_31006002_15
22054	2	1	5241	2_31006003_4
22055	2	1	5241	2_31006004_2
22056	2	1	4193	2_31007001_30
22057	2	1	4193	2_31007002_30
22058	2	1	4193	2_31007003_30
22059	2	1	4193	2_31007004_30
22060	2	1	4193	2_31007005_30
22061	2	1	4193	2_31007006_30
22062	2	1	4193	2_31007007_30
22063	2	1	4193	2_31007008_30
22064	2	1	4193	2_31007009_30
23001	2	1	84	8_4000031_1_1
23002	2	1	84	8_4000034_1_1
23003	2	1	84	8_4000037_1_1
23004	2	1	57	8_4000041_1_1
23005	2	1	57	8_4000044_1_1
23006	2	1	57	8_4000047_1_1
23007	2	1	42	8_4000051_1_1
23008	2	1	42	8_4000054_1_1
23009	2	1	42	8_4000057_1_1
23010	2	1	57	8_4000141_1_1
23011	2	1	57	8_4000144_1_1
23012	2	1	57	8_4000147_1_1
23013	2	1	42	8_4000151_1_1
23014	2	1	42	8_4000154_1_1
23015	2	1	42	8_4000157_1_1
23016	2	1	42	8_4000251_1_1
23017	2	1	42	8_4000254_1_1
23018	2	1	42	8_4000257_1_1
23019	2	1	84	8_4100031_1_1
23020	2	1	57	8_4100041_1_1
23021	2	1	42	8_4100051_1_1
23022	2	1	84	8_4100132_1_1
23023	2	1	57	8_4100142_1_1
23024	2	1	42	8_4100152_1_1
23025	2	1	84	8_4100233_1_1
23026	2	1	57	8_4100243_1_1
23027	2	1	42	8_4100253_1_1
23028	2	1	84	8_4100334_1_1
23029	2	1	57	8_4100344_1_1
23030	2	1	42	8_4100354_1_1
31001	3	1	210	1_11100000_11101001
31002	3	1	210	1_11100000_11101002
31003	3	1	210	1_11100000_11101003
31004	3	1	210	1_11100000_11101004
31005	3	1	105	1_11080000_11081001
31006	3	1	105	1_11080000_11081002
31007	3	1	105	1_11080000_11081003
31008	3	1	105	1_11080000_11081004
31009	3	1	70	1_11050000_11051001
31010	3	1	70	1_11050000_11051002
31011	3	1	70	1_11050000_11051003
31012	3	1	70	1_11050000_11051004
31013	3	1	0	1_11140000_11141001
31014	3	1	0	1_11140000_11141002
31015	3	1	0	1_11140000_11141003
31016	3	1	0	1_11140000_11141004
31017	3	1	0	1_11110000_11111001
31018	3	1	0	1_11110000_11111002
31019	3	1	0	1_11110000_11111003
31020	3	1	0	1_11110000_11111004
31021	3	1	210	1_11030000_11031001
31022	3	1	210	1_11030000_11031002
31023	3	1	210	1_11030000_11031003
31024	3	1	210	1_11030000_11031004
31025	3	1	105	1_11020000_11021001
31026	3	1	105	1_11020000_11021002
31027	3	1	105	1_11020000_11021003
31028	3	1	105	1_11020000_11021004
31029	3	1	70	1_11130000_11131001
31030	3	1	70	1_11130000_11131002
31031	3	1	70	1_11130000_11131003
31032	3	1	70	1_11130000_11131004
31033	3	1	0	1_11070000_11071001
31034	3	1	0	1_11070000_11071002
31035	3	1	0	1_11070000_11071003
31036	3	1	0	1_11070000_11071004
31037	3	1	0	1_11090000_11091001
31038	3	1	0	1_11090000_11091002
31039	3	1	0	1_11090000_11091003
31040	3	1	0	1_11090000_11091004
31041	3	1	210	1_11010000_11011001
31042	3	1	210	1_11010000_11011002
31043	3	1	210	1_11010000_11011003
31044	3	1	210	1_11010000_11011004
31045	3	1	105	1_11120000_11121001
31046	3	1	105	1_11120000_11121002
31047	3	1	105	1_11120000_11121003
31048	3	1	105	1_11120000_11121004
31049	3	1	70	1_11060000_11061001
31050	3	1	70	1_11060000_11061002
31051	3	1	70	1_11060000_11061003
31052	3	1	70	1_11060000_11061004
31053	3	1	0	1_11040000_11041001
31054	3	1	0	1_11040000_11041002
31055	3	1	0	1_11040000_11041003
31056	3	1	0	1_11040000_11041004
31057	3	1	0	1_11150000_11151001
31058	3	1	0	1_11150000_11151002
31059	3	1	0	1_11150000_11151003
31060	3	1	0	1_11150000_11151004
32001	3	1	629	2_31001011_20
32002	3	1	599	2_31001012_14
32003	3	1	524	2_31001013_8
32004	3	1	629	2_31001021_20
32005	3	1	599	2_31001022_14
32006	3	1	524	2_31001023_8
32007	3	1	629	2_31001031_20
32008	3	1	599	2_31001032_14
32009	3	1	524	2_31001033_8
32010	3	1	0	2_31001041_10
32011	3	1	0	2_31001042_7
32012	3	1	0	2_31001043_4
32013	3	1	2516	2_31002001_1
32014	3	1	1258	2_31002002_1
32015	3	1	2516	2_31002003_1
32016	3	1	0	2_31002004_1
32017	3	1	839	2_31002005_1
32018	3	1	839	2_31002006_1
32019	3	1	0	2_31002007_1
32020	3	1	1258	2_31002008_1
32021	3	1	0	2_31002009_1
32022	3	1	2516	2_31002010_1
32023	3	1	0	2_31002011_1
32024	3	1	1258	2_31002012_1
32025	3	1	839	2_31002013_1
32026	3	1	0	2_31002014_1
32027	3	1	0	2_31002015_1
32028	3	1	1258	2_31003011_20
32029	3	1	898	2_31003012_14
32030	3	1	1048	2_31003013_8
32031	3	1	1258	2_31003021_20
32032	3	1	898	2_31003022_14
32033	3	1	1048	2_31003023_8
32034	3	1	1258	2_31003031_20
32035	3	1	898	2_31003032_14
32036	3	1	1048	2_31003033_8
32037	3	1	0	2_31003041_20
32038	3	1	0	2_31003042_10
32039	3	1	0	2_31003043_8
32040	3	1	0	2_31003044_4
32041	3	1	0	2_31003045_2
32042	3	1	0	2_31003046_2
32043	3	1	0	2_31003047_1
32044	3	1	0	2_31003048_1
32045	3	1	0	2_31003049_1
32046	3	1	2516	2_31004001_25
32047	3	1	1048	2_31004002_15
32048	3	1	1048	2_31004003_8
32049	3	1	1398	2_31004004_3
32050	3	1	898	2_31004005_2
32051	3	1	2516	2_31005001_10
32052	3	1	3145	2_31006001_40
32053	3	1	4193	2_31006002_15
32054	3	1	5241	2_31006003_4
32055	3	1	5241	2_31006004_2
32056	3	1	4193	2_31007001_30
32057	3	1	4193	2_31007002_30
32058	3	1	4193	2_31007003_30
32059	3	1	4193	2_31007004_30
32060	3	1	4193	2_31007005_30
32061	3	1	4193	2_31007006_30
32062	3	1	4193	2_31007007_30
32063	3	1	4193	2_31007008_30
32064	3	1	4193	2_31007009_30
33001	3	1	84	8_4000031_1_1
33002	3	1	84	8_4000034_1_1
33003	3	1	84	8_4000037_1_1
33004	3	1	57	8_4000041_1_1
33005	3	1	57	8_4000044_1_1
33006	3	1	57	8_4000047_1_1
33007	3	1	42	8_4000051_1_1
33008	3	1	42	8_4000054_1_1
33009	3	1	42	8_4000057_1_1
33010	3	1	57	8_4000141_1_1
33011	3	1	57	8_4000144_1_1
33012	3	1	57	8_4000147_1_1
33013	3	1	42	8_4000151_1_1
33014	3	1	42	8_4000154_1_1
33015	3	1	42	8_4000157_1_1
33016	3	1	42	8_4000251_1_1
33017	3	1	42	8_4000254_1_1
33018	3	1	42	8_4000257_1_1
33019	3	1	84	8_4100031_1_1
33020	3	1	57	8_4100041_1_1
33021	3	1	42	8_4100051_1_1
33022	3	1	84	8_4100132_1_1
33023	3	1	57	8_4100142_1_1
33024	3	1	42	8_4100152_1_1
33025	3	1	84	8_4100233_1_1
33026	3	1	57	8_4100243_1_1
33027	3	1	42	8_4100253_1_1
33028	3	1	84	8_4100334_1_1
33029	3	1	57	8_4100344_1_1
33030	3	1	42	8_4100354_1_1
41001	4	1	210	1_11100000_11101001
41002	4	1	210	1_11100000_11101002
41003	4	1	210	1_11100000_11101003
41004	4	1	210	1_11100000_11101004
41005	4	1	105	1_11080000_11081001
41006	4	1	105	1_11080000_11081002
41007	4	1	105	1_11080000_11081003
41008	4	1	105	1_11080000_11081004
41009	4	1	70	1_11050000_11051001
41010	4	1	70	1_11050000_11051002
41011	4	1	70	1_11050000_11051003
41012	4	1	70	1_11050000_11051004
41013	4	1	0	1_11140000_11141001
41014	4	1	0	1_11140000_11141002
41015	4	1	0	1_11140000_11141003
41016	4	1	0	1_11140000_11141004
41017	4	1	0	1_11110000_11111001
41018	4	1	0	1_11110000_11111002
41019	4	1	0	1_11110000_11111003
41020	4	1	0	1_11110000_11111004
41021	4	1	210	1_11030000_11031001
41022	4	1	210	1_11030000_11031002
41023	4	1	210	1_11030000_11031003
41024	4	1	210	1_11030000_11031004
41025	4	1	105	1_11020000_11021001
41026	4	1	105	1_11020000_11021002
41027	4	1	105	1_11020000_11021003
41028	4	1	105	1_11020000_11021004
41029	4	1	70	1_11130000_11131001
41030	4	1	70	1_11130000_11131002
41031	4	1	70	1_11130000_11131003
41032	4	1	70	1_11130000_11131004
41033	4	1	0	1_11070000_11071001
41034	4	1	0	1_11070000_11071002
41035	4	1	0	1_11070000_11071003
41036	4	1	0	1_11070000_11071004
41037	4	1	0	1_11090000_11091001
41038	4	1	0	1_11090000_11091002
41039	4	1	0	1_11090000_11091003
41040	4	1	0	1_11090000_11091004
41041	4	1	210	1_11010000_11011001
41042	4	1	210	1_11010000_11011002
41043	4	1	210	1_11010000_11011003
41044	4	1	210	1_11010000_11011004
41045	4	1	105	1_11120000_11121001
41046	4	1	105	1_11120000_11121002
41047	4	1	105	1_11120000_11121003
41048	4	1	105	1_11120000_11121004
41049	4	1	70	1_11060000_11061001
41050	4	1	70	1_11060000_11061002
41051	4	1	70	1_11060000_11061003
41052	4	1	70	1_11060000_11061004
41053	4	1	0	1_11040000_11041001
41054	4	1	0	1_11040000_11041002
41055	4	1	0	1_11040000_11041003
41056	4	1	0	1_11040000_11041004
41057	4	1	0	1_11150000_11151001
41058	4	1	0	1_11150000_11151002
41059	4	1	0	1_11150000_11151003
41060	4	1	0	1_11150000_11151004
42001	4	1	629	2_31001011_20
42002	4	1	599	2_31001012_14
42003	4	1	524	2_31001013_8
42004	4	1	629	2_31001021_20
42005	4	1	599	2_31001022_14
42006	4	1	524	2_31001023_8
42007	4	1	629	2_31001031_20
42008	4	1	599	2_31001032_14
42009	4	1	524	2_31001033_8
42010	4	1	0	2_31001041_10
42011	4	1	0	2_31001042_7
42012	4	1	0	2_31001043_4
42013	4	1	2516	2_31002001_1
42014	4	1	1258	2_31002002_1
42015	4	1	2516	2_31002003_1
42016	4	1	0	2_31002004_1
42017	4	1	839	2_31002005_1
42018	4	1	839	2_31002006_1
42019	4	1	0	2_31002007_1
42020	4	1	1258	2_31002008_1
42021	4	1	0	2_31002009_1
42022	4	1	2516	2_31002010_1
42023	4	1	0	2_31002011_1
42024	4	1	1258	2_31002012_1
42025	4	1	839	2_31002013_1
42026	4	1	0	2_31002014_1
42027	4	1	0	2_31002015_1
42028	4	1	1258	2_31003011_20
42029	4	1	898	2_31003012_14
42030	4	1	1048	2_31003013_8
42031	4	1	1258	2_31003021_20
42032	4	1	898	2_31003022_14
42033	4	1	1048	2_31003023_8
42034	4	1	1258	2_31003031_20
42035	4	1	898	2_31003032_14
42036	4	1	1048	2_31003033_8
42037	4	1	0	2_31003041_20
42038	4	1	0	2_31003042_10
42039	4	1	0	2_31003043_8
42040	4	1	0	2_31003044_4
42041	4	1	0	2_31003045_2
42042	4	1	0	2_31003046_2
42043	4	1	0	2_31003047_1
42044	4	1	0	2_31003048_1
42045	4	1	0	2_31003049_1
42046	4	1	2516	2_31004001_25
42047	4	1	1048	2_31004002_15
42048	4	1	1048	2_31004003_8
42049	4	1	1398	2_31004004_3
42050	4	1	898	2_31004005_2
42051	4	1	2516	2_31005001_10
42052	4	1	3145	2_31006001_40
42053	4	1	4193	2_31006002_15
42054	4	1	5241	2_31006003_4
42055	4	1	5241	2_31006004_2
42056	4	1	4193	2_31007001_30
42057	4	1	4193	2_31007002_30
42058	4	1	4193	2_31007003_30
42059	4	1	4193	2_31007004_30
42060	4	1	4193	2_31007005_30
42061	4	1	4193	2_31007006_30
42062	4	1	4193	2_31007007_30
42063	4	1	4193	2_31007008_30
42064	4	1	4193	2_31007009_30
43001	4	1	84	8_4000031_1_1
43002	4	1	84	8_4000034_1_1
43003	4	1	84	8_4000037_1_1
43004	4	1	57	8_4000041_1_1
43005	4	1	57	8_4000044_1_1
43006	4	1	57	8_4000047_1_1
43007	4	1	42	8_4000051_1_1
43008	4	1	42	8_4000054_1_1
43009	4	1	42	8_4000057_1_1
43010	4	1	57	8_4000141_1_1
43011	4	1	57	8_4000144_1_1
43012	4	1	57	8_4000147_1_1
43013	4	1	42	8_4000151_1_1
43014	4	1	42	8_4000154_1_1
43015	4	1	42	8_4000157_1_1
43016	4	1	42	8_4000251_1_1
43017	4	1	42	8_4000254_1_1
43018	4	1	42	8_4000257_1_1
43019	4	1	84	8_4100031_1_1
43020	4	1	57	8_4100041_1_1
43021	4	1	42	8_4100051_1_1
43022	4	1	84	8_4100132_1_1
43023	4	1	57	8_4100142_1_1
43024	4	1	42	8_4100152_1_1
43025	4	1	84	8_4100233_1_1
43026	4	1	57	8_4100243_1_1
43027	4	1	42	8_4100253_1_1
43028	4	1	84	8_4100334_1_1
43029	4	1	57	8_4100344_1_1
43030	4	1	42	8_4100354_1_1
51001	5	1	210	1_11100000_11101001
51002	5	1	210	1_11100000_11101002
51003	5	1	210	1_11100000_11101003
51004	5	1	210	1_11100000_11101004
51005	5	1	105	1_11080000_11081001
51006	5	1	105	1_11080000_11081002
51007	5	1	105	1_11080000_11081003
51008	5	1	105	1_11080000_11081004
51009	5	1	70	1_11050000_11051001
51010	5	1	70	1_11050000_11051002
51011	5	1	70	1_11050000_11051003
51012	5	1	70	1_11050000_11051004
51013	5	1	0	1_11140000_11141001
51014	5	1	0	1_11140000_11141002
51015	5	1	0	1_11140000_11141003
51016	5	1	0	1_11140000_11141004
51017	5	1	0	1_11110000_11111001
51018	5	1	0	1_11110000_11111002
51019	5	1	0	1_11110000_11111003
51020	5	1	0	1_11110000_11111004
51021	5	1	210	1_11030000_11031001
51022	5	1	210	1_11030000_11031002
51023	5	1	210	1_11030000_11031003
51024	5	1	210	1_11030000_11031004
51025	5	1	105	1_11020000_11021001
51026	5	1	105	1_11020000_11021002
51027	5	1	105	1_11020000_11021003
51028	5	1	105	1_11020000_11021004
51029	5	1	70	1_11130000_11131001
51030	5	1	70	1_11130000_11131002
51031	5	1	70	1_11130000_11131003
51032	5	1	70	1_11130000_11131004
51033	5	1	0	1_11070000_11071001
51034	5	1	0	1_11070000_11071002
51035	5	1	0	1_11070000_11071003
51036	5	1	0	1_11070000_11071004
51037	5	1	0	1_11090000_11091001
51038	5	1	0	1_11090000_11091002
51039	5	1	0	1_11090000_11091003
51040	5	1	0	1_11090000_11091004
51041	5	1	210	1_11010000_11011001
51042	5	1	210	1_11010000_11011002
51043	5	1	210	1_11010000_11011003
51044	5	1	210	1_11010000_11011004
51045	5	1	105	1_11120000_11121001
51046	5	1	105	1_11120000_11121002
51047	5	1	105	1_11120000_11121003
51048	5	1	105	1_11120000_11121004
51049	5	1	70	1_11060000_11061001
51050	5	1	70	1_11060000_11061002
51051	5	1	70	1_11060000_11061003
51052	5	1	70	1_11060000_11061004
51053	5	1	0	1_11040000_11041001
51054	5	1	0	1_11040000_11041002
51055	5	1	0	1_11040000_11041003
51056	5	1	0	1_11040000_11041004
51057	5	1	0	1_11150000_11151001
51058	5	1	0	1_11150000_11151002
51059	5	1	0	1_11150000_11151003
51060	5	1	0	1_11150000_11151004
52001	5	1	629	2_31001011_20
52002	5	1	599	2_31001012_14
52003	5	1	524	2_31001013_8
52004	5	1	629	2_31001021_20
52005	5	1	599	2_31001022_14
52006	5	1	524	2_31001023_8
52007	5	1	629	2_31001031_20
52008	5	1	599	2_31001032_14
52009	5	1	524	2_31001033_8
52010	5	1	0	2_31001041_10
52011	5	1	0	2_31001042_7
52012	5	1	0	2_31001043_4
52013	5	1	2516	2_31002001_1
52014	5	1	1258	2_31002002_1
52015	5	1	2516	2_31002003_1
52016	5	1	0	2_31002004_1
52017	5	1	839	2_31002005_1
52018	5	1	839	2_31002006_1
52019	5	1	0	2_31002007_1
52020	5	1	1258	2_31002008_1
52021	5	1	0	2_31002009_1
52022	5	1	2516	2_31002010_1
52023	5	1	0	2_31002011_1
52024	5	1	1258	2_31002012_1
52025	5	1	839	2_31002013_1
52026	5	1	0	2_31002014_1
52027	5	1	0	2_31002015_1
52028	5	1	1258	2_31003011_20
52029	5	1	898	2_31003012_14
52030	5	1	1048	2_31003013_8
52031	5	1	1258	2_31003021_20
52032	5	1	898	2_31003022_14
52033	5	1	1048	2_31003023_8
52034	5	1	1258	2_31003031_20
52035	5	1	898	2_31003032_14
52036	5	1	1048	2_31003033_8
52037	5	1	0	2_31003041_20
52038	5	1	0	2_31003042_10
52039	5	1	0	2_31003043_8
52040	5	1	0	2_31003044_4
52041	5	1	0	2_31003045_2
52042	5	1	0	2_31003046_2
52043	5	1	0	2_31003047_1
52044	5	1	0	2_31003048_1
52045	5	1	0	2_31003049_1
52046	5	1	2516	2_31004001_25
52047	5	1	1048	2_31004002_15
52048	5	1	1048	2_31004003_8
52049	5	1	1398	2_31004004_3
52050	5	1	898	2_31004005_2
52051	5	1	2516	2_31005001_10
52052	5	1	3145	2_31006001_40
52053	5	1	4193	2_31006002_15
52054	5	1	5241	2_31006003_4
52055	5	1	5241	2_31006004_2
52056	5	1	4193	2_31007001_30
52057	5	1	4193	2_31007002_30
52058	5	1	4193	2_31007003_30
52059	5	1	4193	2_31007004_30
52060	5	1	4193	2_31007005_30
52061	5	1	4193	2_31007006_30
52062	5	1	4193	2_31007007_30
52063	5	1	4193	2_31007008_30
52064	5	1	4193	2_31007009_30
53001	5	1	84	8_4000031_1_1
53002	5	1	84	8_4000034_1_1
53003	5	1	84	8_4000037_1_1
53004	5	1	57	8_4000041_1_1
53005	5	1	57	8_4000044_1_1
53006	5	1	57	8_4000047_1_1
53007	5	1	42	8_4000051_1_1
53008	5	1	42	8_4000054_1_1
53009	5	1	42	8_4000057_1_1
53010	5	1	57	8_4000141_1_1
53011	5	1	57	8_4000144_1_1
53012	5	1	57	8_4000147_1_1
53013	5	1	42	8_4000151_1_1
53014	5	1	42	8_4000154_1_1
53015	5	1	42	8_4000157_1_1
53016	5	1	42	8_4000251_1_1
53017	5	1	42	8_4000254_1_1
53018	5	1	42	8_4000257_1_1
53019	5	1	84	8_4100031_1_1
53020	5	1	57	8_4100041_1_1
53021	5	1	42	8_4100051_1_1
53022	5	1	84	8_4100132_1_1
53023	5	1	57	8_4100142_1_1
53024	5	1	42	8_4100152_1_1
53025	5	1	84	8_4100233_1_1
53026	5	1	57	8_4100243_1_1
53027	5	1	42	8_4100253_1_1
53028	5	1	84	8_4100334_1_1
53029	5	1	57	8_4100344_1_1
53030	5	1	42	8_4100354_1_1
