id	next_id	last_id	index	type	battleforce	time_limit	reward	map_id	reward_first	time_rush
int	int	int	int	int	int	int	string	int	string	int
id	下一层id	上一层id	层数	关卡类型	关卡战斗力	时间限制	通关奖励	场景编号	首通奖励	扫荡时间
40400010	40400020	0	1	1	9550	60	3_420	40400010	3_840	5
40400020	40400030	40400010	2	1	10480	60	3_460	40400020	3_920	5
40400030	40400040	40400020	3	1	10900	60	3_500	40400030	3_1000	5
40400040	40400050	40400030	4	1	11210	60	3_550	40400040	3_1100	5
40400050	40400060	40400040	5	2	11620	100	3_590|6_10	40400050	4_20	5
40400060	40400070	40400050	6	1	11910	60	3_630	40400060	3_1260	5
40400070	40400080	40400060	7	1	13700	60	3_670	40400070	3_1340	5
40400080	40400090	40400070	8	1	14050	60	3_710	40400080	3_1420	5
40400090	40400100	40400080	9	1	14240	60	3_760	40400090	3_1520	5
40400100	40400110	40400090	10	3	14590	120	3_800|6_10|103_1	40400100	4_40|2_31001011_5|2_31001021_5|2_31001031_5|2_31001041_2	10
40400110	40400120	40400100	11	1	14790	60	3_840	40400110	3_1680	10
40400120	40400130	40400110	12	1	15150	60	3_880	40400120	3_1760	10
40400130	40400140	40400120	13	1	15340	60	3_920	40400130	3_1840	10
40400140	40400150	40400130	14	1	15690	60	3_970	40400140	3_1940	10
40400150	40400160	40400140	15	2	15900	100	3_1010|6_10	40400150	4_60	10
40400160	40400170	40400150	16	1	15900	60	3_1050	40400160	3_2100	10
40400170	40400180	40400160	17	1	15900	60	3_1090	40400170	3_2180	10
40400180	40400190	40400170	18	1	17180	60	3_1130	40400180	3_2260	10
40400190	40400200	40400180	19	1	17180	60	3_1180	40400190	3_2360	10
40400200	40400210	40400190	20	3	17180	120	3_1220|6_10|103_2	40400200	4_80|2_31001011_15|2_31001021_15|2_31001031_15|2_31001041_7	20
40400210	40400220	40400200	21	1	17910	60	3_1260	40400210	3_2520	15
40400220	40400230	40400210	22	1	17910	60	3_1300	40400220	3_2600	15
40400230	40400240	40400220	23	1	17910	60	3_1340	40400230	3_2680	15
40400240	40400250	40400230	24	1	17910	60	3_1390	40400240	3_2780	15
40400250	40400260	40400240	25	2	18270	100	3_1430|6_10	40400250	4_100	15
40400260	40400270	40400250	26	1	18270	60	3_1470	40400260	3_2940	15
40400270	40400280	40400260	27	1	18270	60	3_1510	40400270	3_3020	15
40400280	40400290	40400270	28	1	18580	60	3_1550	40400280	3_3100	15
40400290	40400300	40400280	29	1	18580	60	3_1600	40400290	3_3200	15
40400300	40400310	40400290	30	3	18580	120	3_1640|6_15|103_3	40400300	4_120|2_31001012_10|2_31001022_10|2_31001032_10|2_31001042_5	30
40400310	40400320	40400300	31	1	18580	60	3_1680	40400310	3_3360	15
40400320	40400330	40400310	32	1	18580	60	3_1720	40400320	3_3440	15
40400330	40400340	40400320	33	1	18940	60	3_1760	40400330	3_3520	15
40400340	40400350	40400330	34	1	18940	60	3_1810	40400340	3_3620	15
40400350	40400360	40400340	35	2	20550	100	3_1850|6_15	40400350	4_140	15
40400360	40400370	40400350	36	1	20550	60	3_1890	40400360	3_3780	15
40400370	40400380	40400360	37	1	20550	60	3_1930	40400370	3_3860	15
40400380	40400390	40400370	38	1	20900	60	3_1970	40400380	3_3940	15
40400390	40400400	40400380	39	1	20900	60	3_2020	40400390	3_4040	15
40400400	40400410	40400390	40	3	20900	120	3_2060|6_20|103_4	40400400	4_160|2_31001012_15|2_31001022_15|2_31001032_15|2_31001042_7	30
40400410	40400420	40400400	41	1	21280	60	3_2100	40400410	3_4200	15
40400420	40400430	40400410	42	1	21280	60	3_2140	40400420	3_4280	15
40400430	40400440	40400420	43	1	21280	60	3_2180	40400430	3_4360	15
40400440	40400450	40400430	44	1	21280	60	3_2230	40400440	3_4460	15
40400450	40400460	40400440	45	2	22850	100	3_2270|6_20	40400450	4_180	15
40400460	40400470	40400450	46	1	22850	60	3_2310	40400460	3_4620	15
40400470	40400480	40400460	47	1	22850	60	3_2350	40400470	3_4700	15
40400480	40400490	40400470	48	1	23560	60	3_2390	40400480	3_4780	15
40400490	40400500	40400480	49	1	23560	60	3_2440	40400490	3_4880	15
40400500	40400510	40400490	50	3	23920	120	3_2480|6_25|103_5	40400500	4_200|2_31001012_20|2_31001022_20|2_31001032_20|2_31001042_10	30
40400510	40400520	40400500	51	1	23920	60	3_2520	40400510	3_5040	15
40400520	40400530	40400510	52	1	27670	60	3_2560	40400520	3_5120	15
40400530	40400540	40400520	53	1	27670	60	3_2610	40400530	3_5220	15
40400540	40400550	40400530	54	1	28090	60	3_2650	40400540	3_5300	15
40400550	40400560	40400540	55	2	28090	100	3_2690|6_25	40400550	4_220	15
40400560	40400570	40400550	56	1	28870	60	3_2730	40400560	3_5460	15
40400570	40400580	40400560	57	1	28870	60	3_2770	40400570	3_5540	15
40400580	40400590	40400570	58	1	30380	60	3_2820	40400580	3_5640	15
40400590	40400600	40400580	59	1	30380	60	3_2860	40400590	3_5720	15
40400600	40400610	40400590	60	3	31490	120	3_2900|6_30|103_6	40400600	4_240|2_31001012_25|2_31001022_25|2_31001032_25|2_31001042_12	30
40400610	40400620	40400600	61	1	31490	60	3_2940	40400610	3_5880	15
40400620	40400630	40400610	62	1	32230	60	3_2980	40400620	3_5960	15
40400630	40400640	40400620	63	1	32230	60	3_3030	40400630	3_6060	15
40400640	40400650	40400630	64	1	33340	60	3_3070	40400640	3_6140	15
40400650	40400660	40400640	65	2	33340	100	3_3110|6_30	40400650	4_260	15
40400660	40400670	40400650	66	1	34080	60	3_3150	40400660	3_6300	15
40400670	40400680	40400660	67	1	34080	60	3_3190	40400670	3_6380	15
40400680	40400690	40400670	68	1	36300	60	3_3240	40400680	3_6480	15
40400690	40400700	40400680	69	1	36300	60	3_3280	40400690	3_6560	15
40400700	40400710	40400690	70	3	39680	120	3_3320|6_35|103_7	40400700	4_280|2_31001012_30|2_31001022_30|2_31001032_30|2_31001042_15	30
40400710	40400720	40400700	71	1	39680	60	3_3360	40400710	3_6720	15
40400720	40400730	40400710	72	1	43350	60	3_3400	40400720	3_6800	15
40400730	40400740	40400720	73	1	43350	60	3_3450	40400730	3_6900	15
40400740	40400750	40400730	74	1	47450	60	3_3490	40400740	3_6980	15
40400750	40400760	40400740	75	2	47450	100	3_3530|6_35	40400750	4_300	15
40400760	40400770	40400750	76	1	50860	60	3_3570	40400760	3_7140	15
40400770	40400780	40400760	77	1	50860	60	3_3610	40400770	3_7220	15
40400780	40400790	40400770	78	1	53280	60	3_3660	40400780	3_7320	15
40400790	40400800	40400780	79	1	53280	60	3_3700	40400790	3_7400	15
40400800	40400810	40400790	80	3	54690	120	3_3740|6_40|103_8	40400800	4_320|2_31001013_10|2_31001023_10|2_31001033_10|2_31001043_5	30
40400810	40400820	40400800	81	1	54690	60	3_3780	40400810	3_7560	15
40400820	40400830	40400810	82	1	56690	60	3_3820	40400820	3_7640	15
40400830	40400840	40400820	83	1	56690	60	3_3870	40400830	3_7740	15
40400840	40400850	40400830	84	1	58080	60	3_3910	40400840	3_7820	15
40400850	40400860	40400840	85	2	58080	100	3_3950|6_40	40400850	4_340	15
40400860	40400870	40400850	86	1	64500	60	3_3990	40400860	3_7980	15
40400870	40400880	40400860	87	1	64500	60	3_4030	40400870	3_8060	15
40400880	40400890	40400870	88	1	67320	60	3_4080	40400880	3_8160	15
40400890	40400900	40400880	89	1	67320	60	3_4120	40400890	3_8240	15
40400900	40400910	40400890	90	3	68110	120	3_4160|6_45|103_9	40400900	4_360|2_31001013_20|2_31001023_20|2_31001033_20|2_31001043_10	30
40400910	40400920	40400900	91	1	79050	60	3_4200	40400910	3_8400	15
40400920	40400930	40400910	92	1	81270	60	3_4240	40400920	3_8480	15
40400930	40400940	40400920	93	1	82570	60	3_4290	40400930	3_8580	15
40400940	40400950	40400930	94	1	83470	60	3_4330	40400940	3_8660	15
40400950	40400960	40400940	95	2	93890	100	3_4370|6_45	40400950	4_380	15
40400960	40400970	40400950	96	1	94870	60	3_4410	40400960	3_8820	15
40400970	40400980	40400960	97	1	96390	60	3_4450	40400970	3_8900	15
40400980	40400990	40400970	98	1	97390	60	3_4500	40400980	3_9000	15
40400990	40401000	40400980	99	1	98870	60	3_4540	40400990	3_9080	15
40401000	0	40400990	100	3	102540	120	3_4580|6_50|103_10	40401000	4_400|2_31001013_30|2_31001023_30|2_31001033_30|2_31001043_15	30
