2	1001	2	3_1200|6_30	60001002	3600000	
3	1001	3	3_1200|6_30	60001003	3600000	
4	1001	4	3_1200|6_30	60001004	3600000	
5	1001	5	3_1200|6_30	60001005	3600000	
6	1001	6	3_1200|6_30	60001006	3600000	
7	1001	7	3_1200|6_30	60001007	3600000	
8	1001	8	3_1200|6_30	60001008	3600000	
9	1001	9	3_1200|6_30	60001009	3600000	
10	1001	10	3_1200|6_30	60001010	3600000	
11	1001	11	3_1200|6_30	60001011	3600000	
12	1001	12	3_1200|6_30	60001012	3600000	
13	1001	13	3_1200|6_30	60001013	3600000	
14	1001	14	3_1200|6_30	60001014	3600000	
15	1001	15	3_1200|6_30	60001015	3600000	
16	1001	16	3_1200|6_30	60001016	3600000	
17	1001	17	3_1200|6_30	60001017	3600000	
18	1001	18	3_1200|6_30	60001018	3600000	
19	1001	19	3_1200|6_30	60001019	3600000	
20	1001	20	3_1200|6_30	60001020	-1	
21	1002	1	3_1200|6_30	60002001	3600000	
22	1002	2	3_1200|6_30	60002002	3600000	
23	1002	3	3_1200|6_30	60002003	3600000	
24	1002	4	3_1200|6_30	60002004	3600000	
25	1002	5	3_1200|6_30	60002005	3600000	
26	1002	6	3_1200|6_30	60002006	3600000	
27	1002	7	3_1200|6_30	60002007	3600000	
28	1002	8	3_1200|6_30	60002008	3600000	
29	1002	9	3_1200|6_30	60002009	3600000	
30	1002	10	3_1200|6_30	60002010	3600000	
31	1002	11	3_1200|6_30	60002011	3600000	
32	1002	12	3_1200|6_30	60002012	3600000	
33	1002	13	3_1200|6_30	60002013	3600000	
34	1002	14	3_1200|6_30	60002014	3600000	
35	1002	15	3_1200|6_30	60002015	3600000	
36	1002	16	3_1200|6_30	60002016	3600000	
37	1002	17	3_1200|6_30	60002017	3600000	
38	1002	18	3_1200|6_30	60002018	3600000	
39	1002	19	3_1200|6_30	60002019	3600000	
40	1002	20	3_1200|6_30	60002020	-1	
41	1003	1	3_1200|6_30	60003001	3600000	
42	1003	2	3_1200|6_30	60003002	3600000	
43	1003	3	3_1200|6_30	60003003	3600000	
44	1003	4	3_1200|6_30	60003004	3600000	
45	1003	5	3_1200|6_30	60003005	3600000	
46	1003	6	3_1200|6_30	60003006	3600000	
47	1003	7	3_1200|6_30	60003007	3600000	
48	1003	8	3_1200|6_30	60003008	3600000	
49	1003	9	3_1200|6_30	60003009	3600000	
50	1003	10	3_1200|6_30	60003010	3600000	
51	1003	11	3_1200|6_30	60003011	3600000	
52	1003	12	3_1200|6_30	60003012	3600000	
53	1003	13	3_1200|6_30	60003013	3600000	
54	1003	14	3_1200|6_30	60003014	3600000	
55	1003	15	3_1200|6_30	60003015	3600000	
56	1003	16	3_1200|6_30	60003016	3600000	
57	1003	17	3_1200|6_30	60003017	3600000	
58	1003	18	3_1200|6_30	60003018	3600000	
59	1003	19	3_1200|6_30	60003019	3600000	
60	1003	20	3_1200|6_30	60003020	-1	