11080000	95110800	1	1	1	1	light	21020000|21020100	2	11081001|11081001	1100011|1100012|1100013|1100014	20	11081001|11081002|11081003|11081004	31099002_1.5	2_31002008_10	31002008_10	11308002|11308003|11308004	3.5	1000011	1	
11050000	95110500	1	1	1	1	light	21020000|21020100	3	11051001|11051001	1100011|1100012|1100013|1100014	20	11051001|11051002|11051003|11051004	31099002_1.5	2_31002005_10	31002005_10	11305002|11305003|11305004	3.5	1000011	1	
11140000	95111400	1	1	1	1	light	21020000|21020100	4	11141001|11141001	1100011|1100012|1100013|1100014	20	11141001|11141002|11141003|11141004	31099002_1.5	2_31002014_10	31002014_10	11314002|11314003|11314004	3.5	1000011	1	
11110000	95111100	1	1	1	1	light	21020000|21020100	4	11111001|11111001	1100011|1100012|1100013|1100014	20	11111001|11111002|11111003|11111004	31099002_1.5	2_31002011_10	31002011_10	11311002|11311003|11311004	3.5	1000011	1	
11030000	95110300	2	1	1	1	middle	21030000|21030100	1	11031001|11031001	1100011|1100012|1100013|1100014	20	11031001|11031002|11031003|11031004	31099003_1.5	2_31002003_10	31002003_10	11303002|11303003|11303004	3.5	1000014	1	
11020000	95110200	2	1	1	1	middle	21030000|21030100	2	11021001|11021001	1100011|1100012|1100013|1100014	20	11021001|11021002|11021003|11021004	31099002_1.5	2_31002002_10	31002002_10	11302002|11302003|11302004	3.5	1000014	1	
11130000	95111300	2	1	1	1	middle	21030000|21030100	3	11131001|11131001	1100011|1100012|1100013|1100014	20	11131001|11131002|11131003|11131004	31099003_1.5	2_31002013_10	31002013_10	11313002|11313003|11313004	3.5	1000014	1	
11070000	95110700	2	1	1	1	middle	21030000|21030100	4	11071001|11071001	1100011|1100012|1100013|1100014	20	11071001|11071002|11071003|11071004	31099001_1.5	2_31002007_10	31002007_10	11307002|11307003|11307004	3.5	1000014	1	
11090000	95110900	2	1	1	1	middle	21030000|21030100	4	11091001|11091001	1100011|1100012|1100013|1100014	20	11091001|11091002|11091003|11091004	31099003_1.5	2_31002009_10	31002009_10	11309002|11309003|11309004	3.5	1000014	1	
11010000	95110100	3	1	1	1	heavy	21010000|21010100	1	11011001|11011001	1100011|1100012|1100013|1100014	20	11011001|11011002|11011003|11011004	31099001_1.5	2_31002001_10	31002001_10	11301002|11301003|11301004	3.5	1000017	1	
11120000	95111200	3	1	1	1	heavy	21010000|21010100	2	11121001|11121001	1100011|1100012|1100013|1100014	20	11121001|11121002|11121003|11121004	31099003_1.5	2_31002012_10	31002012_10	11312002|11312003|11312004	3.5	1000017	1	
11060000	95110600	3	1	1	1	heavy	21010000|21010100	3	11061001|11061001	1100011|1100012|1100013|1100014	20	11061001|11061002|11061003|11061004	31099003_1.5	2_31002006_10	31002006_10	11306002|11306003|11306004	3.5	1000017	1	
11040000	95110400	3	1	1	1	heavy	21010000|21010100	4	11041001|11041001	1100011|1100012|1100013|1100014	20	11041001|11041002|11041003|11041004	31099001_1.5	2_31002004_10	31002004_10	11304002|11304003|11304004	3.5	1000017	1	
11150000	95111500	3	1	1	1	heavy	21010000|21010100	4	11151001|11151001	1100011|1100012|1100013|1100014	20	11151001|11151002|11151003|11151004	31099003_1.5	2_31002015_10	31002015_10	11315002|11315003|11315004	3.5	1000017	1	