11103002	11100000	2	0	31002010_20	11103003	11210001	1	
11103003	11100000	3	0	31002010_40	11103004	11210002	1	
11103004	11100000	4	0	31002010_80	11103005	11210003	1	
11103005	11100000	5	0	31002010_160	11103006	11210004	1	
11103006	11100000	6	0	-1	-1	11210005	1	
11083001	11080000	1	0	31002008_10	11083002	11208000	0	
11083002	11080000	2	0	31002008_20	11083003	11208001	1	
11083003	11080000	3	0	31002008_40	11083004	11208002	1	
11083004	11080000	4	0	31002008_80	11083005	11208003	1	
11083005	11080000	5	0	31002008_160	11083006	11208004	1	
11083006	11080000	6	0	-1	-1	11208005	1	
11053001	11050000	1	0	31002005_10	11053002	11205000	0	
11053002	11050000	2	0	31002005_20	11053003	11205001	1	
11053003	11050000	3	0	31002005_40	11053004	11205002	1	
11053004	11050000	4	0	31002005_80	11053005	11205003	1	
11053005	11050000	5	0	31002005_160	11053006	11205004	1	
11053006	11050000	6	0	-1	-1	11205005	1	
11143001	11140000	1	0	31002014_10	11143002	11214000	0	
11143002	11140000	2	0	31002014_20	11143003	11214001	1	
11143003	11140000	3	0	31002014_40	11143004	11214002	1	
11143004	11140000	4	0	31002014_80	11143005	11214003	1	
11143005	11140000	5	0	31002014_160	11143006	11214004	1	
11143006	11140000	6	0	-1	-1	11214005	1	
11113001	11110000	1	0	31002011_10	11113002	11211000	0	
11113002	11110000	2	0	31002011_20	11113003	11211001	1	
11113003	11110000	3	0	31002011_40	11113004	11211002	1	
11113004	11110000	4	0	31002011_80	11113005	11211003	1	
11113005	11110000	5	0	31002011_160	11113006	11211004	1	
11113006	11110000	6	0	-1	-1	11211005	1	
11033001	11030000	1	0	31002003_10	11033002	11203000	0	
11033002	11030000	2	0	31002003_20	11033003	11203001	1	
11033003	11030000	3	0	31002003_40	11033004	11203002	1	
11033004	11030000	4	0	31002003_80	11033005	11203003	1	
11033005	11030000	5	0	31002003_160	11033006	11203004	1	
11033006	11030000	6	0	-1	-1	11203005	1	
11023001	11020000	1	0	31002002_10	11023002	11202000	0	
11023002	11020000	2	0	31002002_20	11023003	11202001	1	
11023003	11020000	3	0	31002002_40	11023004	11202002	1	
11023004	11020000	4	0	31002002_80	11023005	11202003	1	
11023005	11020000	5	0	31002002_160	11023006	11202004	1	
11023006	11020000	6	0	-1	-1	11202005	1	
11133001	11130000	1	0	31002013_10	11133002	11213000	0	
11133002	11130000	2	0	31002013_20	11133003	11213001	1	
11133003	11130000	3	0	31002013_40	11133004	11213002	1	
11133004	11130000	4	0	31002013_80	11133005	11213003	1	
11133005	11130000	5	0	31002013_160	11133006	11213004	1	
11133006	11130000	6	0	-1	-1	11213005	1	
11073001	11070000	1	0	31002007_10	11073002	11207000	0	
11073002	11070000	2	0	31002007_20	11073003	11207001	1	
11073003	11070000	3	0	31002007_40	11073004	11207002	1	
11073004	11070000	4	0	31002007_80	11073005	11207003	1	
11073005	11070000	5	0	31002007_160	11073006	11207004	1	
11073006	11070000	6	0	-1	-1	11207005	1	
11093001	11090000	1	0	31002009_10	11093002	11209000	0	
11093002	11090000	2	0	31002009_20	11093003	11209001	1	
11093003	11090000	3	0	31002009_40	11093004	11209002	1	
11093004	11090000	4	0	31002009_80	11093005	11209003	1	
11093005	11090000	5	0	31002009_160	11093006	11209004	1	
11093006	11090000	6	0	-1	-1	11209005	1	
11013001	11010000	1	0	31002001_10	11013002	11201000	0	
11013002	11010000	2	0	31002001_20	11013003	11201001	1	
11013003	11010000	3	0	31002001_40	11013004	11201002	1	
11013004	11010000	4	0	31002001_80	11013005	11201003	1	
11013005	11010000	5	0	31002001_160	11013006	11201004	1	
11013006	11010000	6	0	-1	-1	11201005	1	
11123001	11120000	1	0	31002012_10	11123002	11212000	0	
11123002	11120000	2	0	31002012_20	11123003	11212001	1	
11123003	11120000	3	0	31002012_40	11123004	11212002	1	
11123004	11120000	4	0	31002012_80	11123005	11212003	1	
11123005	11120000	5	0	31002012_160	11123006	11212004	1	
11123006	11120000	6	0	-1	-1	11212005	1	
11063001	11060000	1	0	31002006_10	11063002	11206000	0	
11063002	11060000	2	0	31002006_20	11063003	11206001	1	
11063003	11060000	3	0	31002006_40	11063004	11206002	1	
11063004	11060000	4	0	31002006_80	11063005	11206003	1	
11063005	11060000	5	0	31002006_160	11063006	11206004	1	
11063006	11060000	6	0	-1	-1	11206005	1	
11043001	11040000	1	0	31002004_10	11043002	11204000	0	
11043002	11040000	2	0	31002004_20	11043003	11204001	1	
11043003	11040000	3	0	31002004_40	11043004	11204002	1	
11043004	11040000	4	0	31002004_80	11043005	11204003	1	
11043005	11040000	5	0	31002004_160	11043006	11204004	1	
11043006	11040000	6	0	-1	-1	11204005	1	
11153001	11150000	1	0	31002015_10	11153002	11215000	0	
11153002	11150000	2	0	31002015_20	11153003	11215001	1	
11153003	11150000	3	0	31002015_40	11153004	11215002	1	
11153004	11150000	4	0	31002015_80	11153005	11215003	1	
11153005	11150000	5	0	31002015_160	11153006	11215004	1	
11153006	11150000	6	0	-1	-1	11215005	1	