11102001	11100000	1	10	10	1930	31001011_3|31001021_3|31001031_3|31001041_1	11102002	11110001		
11102002	11100000	2	20	20	10700	31001011_6|31001021_6|31001031_6|31001041_2	11102003	11110002		
11102003	11100000	3	30	30	23355	31001012_10|31001022_10|31001032_10|31001042_5	11102004	11110003		
11102004	11100000	4	40	40	113840	31001012_20|31001022_20|31001032_20|31001042_10	11102005	11110004		
11102005	11100000	5	50	50	1042210	31001012_50|31001022_50|31001032_50|31001042_25	11102006	11110005		
11102006	11100000	6	60	60	3138840	31001013_80|31001023_80|31001033_80|31001043_40	11102007	11110006		
11102007	11100000	7	70	70	8505020	31001013_160|31001023_160|31001033_160|31001043_80	11102008	11110007		
11102008	11100000	8	80	80	18970410	0	-1	11110008		
11102009	11100000	9	90	90	0	0	-1	11110009		
11102010	11100000	10	100	100	0	0	-1	11110010		
11082000	11080000	0	0	0	0	0	11082001	11108000		
11082001	11080000	1	10	10	1930	31001011_3|31001021_3|31001031_3|31001041_1	11082002	11108001		
11082002	11080000	2	20	20	10700	31001011_6|31001021_6|31001031_6|31001041_2	11082003	11108002		
11082003	11080000	3	30	30	23355	31001012_10|31001022_10|31001032_10|31001042_5	11082004	11108003		
11082004	11080000	4	40	40	113840	31001012_20|31001022_20|31001032_20|31001042_10	11082005	11108004		
11082005	11080000	5	50	50	1042210	31001012_50|31001022_50|31001032_50|31001042_25	11082006	11108005		
11082006	11080000	6	60	60	3138840	31001013_80|31001023_80|31001033_80|31001043_40	11082007	11108006		
11082007	11080000	7	70	70	8505020	31001013_160|31001023_160|31001033_160|31001043_80	11082008	11108007		
11082008	11080000	8	80	80	18970410	0	-1	11108008		
11082009	11080000	9	90	90	0	0	-1	11108009		
11082010	11080000	10	100	100	0	0	-1	11108010		
11052000	11050000	0	0	0	0	0	11052001	11105000		
11052001	11050000	1	10	10	1930	31001011_3|31001021_3|31001031_3|31001041_1	11052002	11105001		
11052002	11050000	2	20	20	10700	31001011_6|31001021_6|31001031_6|31001041_2	11052003	11105002		
11052003	11050000	3	30	30	23355	31001012_10|31001022_10|31001032_10|31001042_5	11052004	11105003		
11052004	11050000	4	40	40	113840	31001012_20|31001022_20|31001032_20|31001042_10	11052005	11105004		
11052005	11050000	5	50	50	1042210	31001012_50|31001022_50|31001032_50|31001042_25	11052006	11105005		
11052006	11050000	6	60	60	3138840	31001013_80|31001023_80|31001033_80|31001043_40	11052007	11105006		
11052007	11050000	7	70	70	8505020	31001013_160|31001023_160|31001033_160|31001043_80	11052008	11105007		
11052008	11050000	8	80	80	18970410	0	-1	11105008		
11052009	11050000	9	90	90	0	0	-1	11105009		
11052010	11050000	10	100	100	0	0	-1	11105010		
11142000	11140000	0	0	0	0	0	11142001	11114000		
11142001	11140000	1	10	10	1930	31001011_3|31001021_3|31001031_3|31001041_1	11142002	11114001		
11142002	11140000	2	20	20	10700	31001011_6|31001021_6|31001031_6|31001041_2	11142003	11114002		
11142003	11140000	3	30	30	23355	31001012_10|31001022_10|31001032_10|31001042_5	11142004	11114003		
11142004	11140000	4	40	40	113840	31001012_20|31001022_20|31001032_20|31001042_10	11142005	11114004		
11142005	11140000	5	50	50	1042210	31001012_50|31001022_50|31001032_50|31001042_25	11142006	11114005		
11142006	11140000	6	60	60	3138840	31001013_80|31001023_80|31001033_80|31001043_40	11142007	11114006		
11142007	11140000	7	70	70	8505020	31001013_160|31001023_160|31001033_160|31001043_80	11142008	11114007		
11142008	11140000	8	80	80	18970410	0	-1	11114008		
11142009	11140000	9	90	90	0	0	-1	11114009		
11142010	11140000	10	100	100	0	0	-1	11114010		
11112000	11110000	0	0	0	0	0	11112001	11111000		
11112001	11110000	1	10	10	1930	31001011_3|31001021_3|31001031_3|31001041_1	11112002	11111001		
11112002	11110000	2	20	20	10700	31001011_6|31001021_6|31001031_6|31001041_2	11112003	11111002		
11112003	11110000	3	30	30	23355	31001012_10|31001022_10|31001032_10|31001042_5	11112004	11111003		
11112004	11110000	4	40	40	113840	31001012_20|31001022_20|31001032_20|31001042_10	11112005	11111004		
11112005	11110000	5	50	50	1042210	31001012_50|31001022_50|31001032_50|31001042_25	11112006	11111005		
11112006	11110000	6	60	60	3138840	31001013_80|31001023_80|31001033_80|31001043_40	11112007	11111006		
11112007	11110000	7	70	70	8505020	31001013_160|31001023_160|31001033_160|31001043_80	11112008	11111007		
11112008	11110000	8	80	80	18970410	0	-1	11111008		
11112009	11110000	9	90	90	0	0	-1	11111009		
11112010	11110000	10	100	100	0	0	-1	11111010		
11032000	11030000	0	0	0	0	0	11032001	11103000		
11032001	11030000	1	10	10	1930	31001011_3|31001021_3|31001031_3|31001041_1	11032002	11103001		
11032002	11030000	2	20	20	10700	31001011_6|31001021_6|31001031_6|31001041_2	11032003	11103002		
11032003	11030000	3	30	30	23355	31001012_10|31001022_10|31001032_10|31001042_5	11032004	11103003		
11032004	11030000	4	40	40	113840	31001012_20|31001022_20|31001032_20|31001042_10	11032005	11103004		
11032005	11030000	5	50	50	1042210	31001012_50|31001022_50|31001032_50|31001042_25	11032006	11103005		
11032006	11030000	6	60	60	3138840	31001013_80|31001023_80|31001033_80|31001043_40	11032007	11103006		
11032007	11030000	7	70	70	8505020	31001013_160|31001023_160|31001033_160|31001043_80	11032008	11103007		
11032008	11030000	8	80	80	18970410	0	-1	11103008		
11032009	11030000	9	90	90	0	0	-1	11103009		
11032010	11030000	10	100	100	0	0	-1	11103010		
11022000	11020000	0	0	0	0	0	11022001	11102000		
11022001	11020000	1	10	10	1930	31001011_3|31001021_3|31001031_3|31001041_1	11022002	11102001		
11022002	11020000	2	20	20	10700	31001011_6|31001021_6|31001031_6|31001041_2	11022003	11102002		
11022003	11020000	3	30	30	23355	31001012_10|31001022_10|31001032_10|31001042_5	11022004	11102003		
11022004	11020000	4	40	40	113840	31001012_20|31001022_20|31001032_20|31001042_10	11022005	11102004		
11022005	11020000	5	50	50	1042210	31001012_50|31001022_50|31001032_50|31001042_25	11022006	11102005		
11022006	11020000	6	60	60	3138840	31001013_80|31001023_80|31001033_80|31001043_40	11022007	11102006		
11022007	11020000	7	70	70	8505020	31001013_160|31001023_160|31001033_160|31001043_80	11022008	11102007		
11022008	11020000	8	80	80	18970410	0	-1	11102008		
11022009	11020000	9	90	90	0	0	-1	11102009		
11022010	11020000	10	100	100	0	0	-1	11102010		
11132000	11130000	0	0	0	0	0	11132001	11113000		
11132001	11130000	1	10	10	1930	31001011_3|31001021_3|31001031_3|31001041_1	11132002	11113001		
11132002	11130000	2	20	20	10700	31001011_6|31001021_6|31001031_6|31001041_2	11132003	11113002		
11132003	11130000	3	30	30	23355	31001012_10|31001022_10|31001032_10|31001042_5	11132004	11113003		
11132004	11130000	4	40	40	113840	31001012_20|31001022_20|31001032_20|31001042_10	11132005	11113004		
11132005	11130000	5	50	50	1042210	31001012_50|31001022_50|31001032_50|31001042_25	11132006	11113005		
11132006	11130000	6	60	60	3138840	31001013_80|31001023_80|31001033_80|31001043_40	11132007	11113006		
11132007	11130000	7	70	70	8505020	31001013_160|31001023_160|31001033_160|31001043_80	11132008	11113007		
11132008	11130000	8	80	80	18970410	0	-1	11113008		
11132009	11130000	9	90	90	0	0	-1	11113009		
11132010	11130000	10	100	100	0	0	-1	11113010		
11072000	11070000	0	0	0	0	0	11072001	11107000		
11072001	11070000	1	10	10	1930	31001011_3|31001021_3|31001031_3|31001041_1	11072002	11107001		
11072002	11070000	2	20	20	10700	31001011_6|31001021_6|31001031_6|31001041_2	11072003	11107002		
11072003	11070000	3	30	30	23355	31001012_10|31001022_10|31001032_10|31001042_5	11072004	11107003		
11072004	11070000	4	40	40	113840	31001012_20|31001022_20|31001032_20|31001042_10	11072005	11107004		
11072005	11070000	5	50	50	1042210	31001012_50|31001022_50|31001032_50|31001042_25	11072006	11107005		
11072006	11070000	6	60	60	3138840	31001013_80|31001023_80|31001033_80|31001043_40	11072007	11107006		
11072007	11070000	7	70	70	8505020	31001013_160|31001023_160|31001033_160|31001043_80	11072008	11107007		
11072008	11070000	8	80	80	18970410	0	-1	11107008		
11072009	11070000	9	90	90	0	0	-1	11107009		
11072010	11070000	10	100	100	0	0	-1	11107010		
11092000	11090000	0	0	0	0	0	11092001	11109000		
11092001	11090000	1	10	10	1930	31001011_3|31001021_3|31001031_3|31001041_1	11092002	11109001		
11092002	11090000	2	20	20	10700	31001011_6|31001021_6|31001031_6|31001041_2	11092003	11109002		
11092003	11090000	3	30	30	23355	31001012_10|31001022_10|31001032_10|31001042_5	11092004	11109003		
11092004	11090000	4	40	40	113840	31001012_20|31001022_20|31001032_20|31001042_10	11092005	11109004		
11092005	11090000	5	50	50	1042210	31001012_50|31001022_50|31001032_50|31001042_25	11092006	11109005		
11092006	11090000	6	60	60	3138840	31001013_80|31001023_80|31001033_80|31001043_40	11092007	11109006		
11092007	11090000	7	70	70	8505020	31001013_160|31001023_160|31001033_160|31001043_80	11092008	11109007		
11092008	11090000	8	80	80	18970410	0	-1	11109008		
11092009	11090000	9	90	90	0	0	-1	11109009		
11092010	11090000	10	100	100	0	0	-1	11109010		
11012000	11010000	0	0	0	0	0	11012001	11101000		
11012001	11010000	1	10	10	1930	31001011_3|31001021_3|31001031_3|31001041_1	11012002	11101001		
11012002	11010000	2	20	20	10700	31001011_6|31001021_6|31001031_6|31001041_2	11012003	11101002		
11012003	11010000	3	30	30	23355	31001012_10|31001022_10|31001032_10|31001042_5	11012004	11101003		
11012004	11010000	4	40	40	113840	31001012_20|31001022_20|31001032_20|31001042_10	11012005	11101004		
11012005	11010000	5	50	50	1042210	31001012_50|31001022_50|31001032_50|31001042_25	11012006	11101005		
11012006	11010000	6	60	60	3138840	31001013_80|31001023_80|31001033_80|31001043_40	11012007	11101006		
11012007	11010000	7	70	70	8505020	31001013_160|31001023_160|31001033_160|31001043_80	11012008	11101007		
11012008	11010000	8	80	80	18970410	0	-1	11101008		
11012009	11010000	9	90	90	0	0	-1	11101009		
11012010	11010000	10	100	100	0	0	-1	11101010		
11122000	11120000	0	0	0	0	0	11122001	11112000		
11122001	11120000	1	10	10	1930	31001011_3|31001021_3|31001031_3|31001041_1	11122002	11112001		
11122002	11120000	2	20	20	10700	31001011_6|31001021_6|31001031_6|31001041_2	11122003	11112002		
11122003	11120000	3	30	30	23355	31001012_10|31001022_10|31001032_10|31001042_5	11122004	11112003		
11122004	11120000	4	40	40	113840	31001012_20|31001022_20|31001032_20|31001042_10	11122005	11112004		
11122005	11120000	5	50	50	1042210	31001012_50|31001022_50|31001032_50|31001042_25	11122006	11112005		
11122006	11120000	6	60	60	3138840	31001013_80|31001023_80|31001033_80|31001043_40	11122007	11112006		
11122007	11120000	7	70	70	8505020	31001013_160|31001023_160|31001033_160|31001043_80	11122008	11112007		
11122008	11120000	8	80	80	18970410	0	-1	11112008		
11122009	11120000	9	90	90	0	0	-1	11112009		
11122010	11120000	10	100	100	0	0	-1	11112010		
11062000	11060000	0	0	0	0	0	11062001	11106000		
11062001	11060000	1	10	10	1930	31001011_3|31001021_3|31001031_3|31001041_1	11062002	11106001		
11062002	11060000	2	20	20	10700	31001011_6|31001021_6|31001031_6|31001041_2	11062003	11106002		
11062003	11060000	3	30	30	23355	31001012_10|31001022_10|31001032_10|31001042_5	11062004	11106003		
11062004	11060000	4	40	40	113840	31001012_20|31001022_20|31001032_20|31001042_10	11062005	11106004		
11062005	11060000	5	50	50	1042210	31001012_50|31001022_50|31001032_50|31001042_25	11062006	11106005		
11062006	11060000	6	60	60	3138840	31001013_80|31001023_80|31001033_80|31001043_40	11062007	11106006		
11062007	11060000	7	70	70	8505020	31001013_160|31001023_160|31001033_160|31001043_80	11062008	11106007		
11062008	11060000	8	80	80	18970410	0	-1	11106008		
11062009	11060000	9	90	90	0	0	-1	11106009		
11062010	11060000	10	100	100	0	0	-1	11106010		
11042000	11040000	0	0	0	0	0	11042001	11104000		
11042001	11040000	1	10	10	1930	31001011_3|31001021_3|31001031_3|31001041_1	11042002	11104001		
11042002	11040000	2	20	20	10700	31001011_6|31001021_6|31001031_6|31001041_2	11042003	11104002		
11042003	11040000	3	30	30	23355	31001012_10|31001022_10|31001032_10|31001042_5	11042004	11104003		
11042004	11040000	4	40	40	113840	31001012_20|31001022_20|31001032_20|31001042_10	11042005	11104004		
11042005	11040000	5	50	50	1042210	31001012_50|31001022_50|31001032_50|31001042_25	11042006	11104005		
11042006	11040000	6	60	60	3138840	31001013_80|31001023_80|31001033_80|31001043_40	11042007	11104006		
11042007	11040000	7	70	70	8505020	31001013_160|31001023_160|31001033_160|31001043_80	11042008	11104007		
11042008	11040000	8	80	80	18970410	0	-1	11104008		
11042009	11040000	9	90	90	0	0	-1	11104009		
11042010	11040000	10	100	100	0	0	-1	11104010		
11152000	11150000	0	0	0	0	0	11152001	11115000		
11152001	11150000	1	10	10	1930	31001011_3|31001021_3|31001031_3|31001041_1	11152002	11115001		
11152002	11150000	2	20	20	10700	31001011_6|31001021_6|31001031_6|31001041_2	11152003	11115002		
11152003	11150000	3	30	30	23355	31001012_10|31001022_10|31001032_10|31001042_5	11152004	11115003		
11152004	11150000	4	40	40	113840	31001012_20|31001022_20|31001032_20|31001042_10	11152005	11115004		
11152005	11150000	5	50	50	1042210	31001012_50|31001022_50|31001032_50|31001042_25	11152006	11115005		
11152006	11150000	6	60	60	3138840	31001013_80|31001023_80|31001033_80|31001043_40	11152007	11115006		
11152007	11150000	7	70	70	8505020	31001013_160|31001023_160|31001033_160|31001043_80	11152008	11115007		
11152008	11150000	8	80	80	18970410	0	-1	11115008		
11152009	11150000	9	90	90	0	0	-1	11115009		
11152010	11150000	10	100	100	0	0	-1	11115010		