2	11100000	2	31	31100002	
3	11100000	3	51	31100003	
4	11080000	1	11	31080001	
5	11080000	2	31	31080002	
6	11080000	3	51	31080003	
7	11050000	1	11	31050001	
8	11050000	2	31	31050002	
9	11050000	3	51	31050003	
10	11140000	1	11	31140001	
11	11140000	2	31	31140002	
12	11140000	3	51	31140003	
13	11110000	1	11	31110001	
14	11110000	2	31	31110002	
15	11110000	3	51	31110003	
17	11030000	1	11	31030001	
18	11030000	2	31	31030002	
19	11030000	3	51	31030003	
20	11020000	1	11	31020001	
21	11020000	2	31	31020002	
22	11020000	3	51	31020003	
23	11130000	1	11	31130001	
24	11130000	2	31	31130002	
25	11130000	3	51	31130003	
26	11070000	1	11	31070001	
27	11070000	2	31	31070002	
28	11070000	3	51	31070003	
29	11090000	1	11	31090001	
30	11090000	2	31	31090002	
31	11090000	3	51	31090003	
33	11010000	1	11	31010001	
34	11010000	2	31	31010002	
35	11010000	3	51	31010003	
36	11120000	1	11	31120001	
37	11120000	2	31	31120002	
38	11120000	3	51	31120003	
39	11060000	1	11	31060001	
40	11060000	2	31	31060002	
41	11060000	3	51	31060003	
42	11040000	1	11	31040001	
43	11040000	2	31	31040002	
44	11040000	3	51	31040003	
45	11150000	1	11	31150001	
46	11150000	2	31	31150002	
47	11150000	3	51	31150003	