31001012	31001012	1	1	3	99999	99999	1	1	3_150	0		0	0	0	item_10102	311_40104020|40104080|40105020|40105080|40106020|40106080|40107020	
31001013	31001013	1	1	4	99999	99999	1	1	3_200	0		0	0	0	item_10103	311_40108020|40108080|40109020|40109080|40110020|40110080|40111020|40112020|40112080|40113020	
31001021	31001021	1	1	2	99999	99999	1	1	3_100	0		0	0	0	item_10201	311_40101030|40101090|40102030|40102090|40103030|40103090	
31001022	31001022	1	1	3	99999	99999	1	1	3_150	0		0	0	0	item_10202	311_40104030|40104090|40105030|40105090|40106030|40106090|40107030	
31001023	31001023	1	1	4	99999	99999	1	1	3_200	0		0	0	0	item_10203	311_40108030|40108090|40109030|40109090|40110030|40110090|40111030|40112030|40112090|40113030	
31001031	31001031	1	1	2	99999	99999	1	1	3_100	0		0	0	0	item_10301	311_40101050|40101110|40102050|40102110|40103050|40103110	
31001032	31001032	1	1	3	99999	99999	1	1	3_150	0		0	0	0	item_10302	311_40104050|40104110|40105050|40105110|40106050|40106110|40107050	
31001033	31001033	1	1	4	99999	99999	1	1	3_200	0		0	0	0	item_10303	311_40108050|40108110|40109050|40109110|40110050|40110110|40111050|40112050|40112110|40113050	
31001041	31001041	1	1	2	99999	99999	1	1	3_100	0		0	0	0	item_10401	311_40101060|40102060|40103060	
31001042	31001042	1	1	3	99999	99999	1	1	3_150	0		0	0	0	item_10402	311_40104060|40105060|40106060|40107060	
31001043	31001043	1	1	4	99999	99999	1	1	3_200	0		0	0	0	item_10403	311_40108060|40109060|40110060|40111060|40112060|40113060	
31002001	31002001	3	2	10	99999	99999	1	1	3_500	0		0	0	0	head_10101	600&311_40103120|312_40203080	
31002002	31002002	3	2	10	99999	99999	1	1	3_500	0		0	0	0	head_10201	600&311_40105120|312_40205080	
31002003	31002003	3	2	10	99999	99999	1	1	3_500	0		0	0	0	head_10301	600&311_40102120|312_40202080	
31002004	31002004	3	2	10	99999	99999	1	1	3_500	0		0	0	0	head_10401	600	
31002005	31002005	3	2	10	99999	99999	1	1	3_500	0		0	0	0	head_10501	600&311_40109120|40112120|312_40209080|40212080	
31002006	31002006	3	2	10	99999	99999	1	1	3_500	0		0	0	0	head_10601	600&311_40108120|40111120|312_40208080|40211080	
31002007	31002007	3	2	10	99999	99999	1	1	3_500	0		0	0	0	head_10701	600	
31002008	31002008	3	2	10	99999	99999	1	1	3_500	0		0	0	0	head_10801	600&311_40104120|40107120|312_40204080|40207080	
31002009	31002009	3	2	10	99999	99999	1	1	3_500	0		0	0	0	head_10901	600	
31002010	31002010	3	2	10	99999	99999	1	1	3_500	0		0	0	0	head_11001	600&311_40101120|312_40201080	
31002011	31002011	3	2	10	99999	99999	1	1	3_500	0		0	0	0	head_11101	600	
31002012	31002012	3	2	10	99999	99999	1	1	3_500	0		0	0	0	head_11201	600&311_40106120|312_40206080	
31002013	31002013	3	2	10	99999	99999	1	1	3_500	0		0	0	0	head_11301	600&311_40110120|40113120|312_40210080|40213080	
31002014	31002014	3	2	10	99999	99999	1	1	3_500	0		0	0	0	head_11401	600	
31002015	31002015	3	2	10	99999	99999	1	1	3_500	0		0	0	0	head_11501	600	
31003011	31003011	1	3	2	99999	99999	1	1	3_100	0		0	0	0	item_20101	312_40201010|40201050|40202010|40202050|40203010|40203050	
31003012	31003012	1	3	3	99999	99999	1	1	3_150	0		0	0	0	item_20102	312_40204010|40204050|40205010|40205050|40206010|40206050|40207010	
31003013	31003013	1	3	4	99999	99999	1	1	3_200	0		0	0	0	item_20103	312_40208010|40208050|40209010|40209050|40210010|40210050|40211010|40212010|40212050|40213010	
31003021	31003021	1	3	2	99999	99999	1	1	3_100	0		0	0	0	item_20201	312_40201020|40201060|40202020|40202060|40203020|40203060	
31003022	31003022	1	3	3	99999	99999	1	1	3_150	0		0	0	0	item_20202	312_40204020|40204060|40205020|40205060|40206020|40206060|40207020	
31003023	31003023	1	3	4	99999	99999	1	1	3_200	0		0	0	0	item_20203	312_40208020|40208060|40209020|40209060|40210020|40210060|40211020|40212020|40212060|40213020	
31003031	31003031	1	3	2	99999	99999	1	1	3_100	0		0	0	0	item_20301	312_40201030|40201070|40202030|40202070|40203030|40203070	
31003032	31003032	1	3	3	99999	99999	1	1	3_150	0		0	0	0	item_20302	312_40204030|40204070|40205030|40205070|40206030|40206070|40207030	
31003033	31003033	1	3	4	99999	99999	1	1	3_200	0		0	0	0	item_20303	312_40208030|40208070|40209030|40209070|40210030|40210070|40211030|40212030|40212070|40213030	
31003041	31003041	1	3	2	99999	99999	1	1	3_100	0		0	0	0	item_20401	312_40201040	
31003042	31003042	1	3	2	99999	99999	1	1	3_100	0		0	0	0	item_20401	312_40202040|40203040	
31003043	31003043	1	3	3	99999	99999	1	1	3_150	0		0	0	0	item_20402	312_40204040	
31003044	31003044	1	3	3	99999	99999	1	1	3_150	0		0	0	0	item_20402	312_40205040	
31003045	31003045	1	3	3	99999	99999	1	1	3_150	0		0	0	0	item_20402	312_40206040|40207040	
31003046	31003046	1	3	4	99999	99999	1	1	3_200	0		0	0	0	item_20403	312_40208040	
31003047	31003047	1	3	4	99999	99999	1	1	3_200	0		0	0	0	item_20403	312_40209040|40210040	
31003048	31003048	1	3	4	99999	99999	1	1	3_200	0		0	0	0	item_20403	312_40211040|40212040|40213040	
31003049	31003049	1	3	4	99999	99999	1	1	3_200	0		0	0	0	item_20403		
31004001	31004001	1	4	2	99999	99999	1	1	3_100	0	10	0	0	0	item_10501	332	
31004002	31004002	1	4	2	99999	99999	1	1	3_100	0	50	0	0	0	item_10502	332	
31004003	31004003	1	4	3	99999	99999	1	1	3_150	0	100	0	0	0	item_10503	332	
31004004	31004004	1	4	3	99999	99999	1	1	3_150	0	200	0	0	0	item_10504	332	
31004005	31004005	1	4	4	99999	99999	1	1	3_200	0	500	0	0	0	item_10505	332	
31005001	31005001	1	5	4	99999	99999	1	1	3_200	0		0	0	0	item_40101		
31006001	31006001	5	98	2	99999	99999	1	1	3_100	0	600	0	0	0	icon_maojin	600	
31006002	31006002	5	98	3	99999	99999	1	1	3_150	0	3600	0	0	0	icon_chunjingshui	600	
31006003	31006003	5	98	3	99999	99999	1	1	3_150	0	14400	0	0	0	icon_ningmengshui	600	
31006004	31006004	5	98	4	99999	99999	1	1	3_200	0	28800	0	0	0	icon_yundongyinliao	600	
31007001	31007001	4	99	2	99999	99999	1	0	3_100	0	10|2	0	0	0	item_50101	334	
31007002	31007002	4	99	2	99999	99999	1	0	3_100	0	10|2	0	0	0	item_50102	334	
31007003	31007003	4	99	2	99999	99999	1	0	3_100	0	10|2	0	0	0	item_50103	334	
31007004	31007004	4	99	2	99999	99999	1	0	3_100	0	10|2	0	0	0	item_50104	334	
31007005	31007005	4	99	2	99999	99999	1	0	3_100	0	10|2	0	0	0	item_50105	334	
31007006	31007006	4	99	2	99999	99999	1	0	3_100	0	10|2	0	0	0	item_50106	334	
31007007	31007007	4	99	2	99999	99999	1	0	3_100	0	10|2	0	0	0	item_50107	334	
31007008	31007008	4	99	2	99999	99999	1	0	3_100	0	10|2	0	0	0	item_50108	334	
31007009	31007009	4	99	2	99999	99999	1	0	3_100	0	10|2	0	0	0	item_50109	334	
31097001	31097001	1	97	3	99999	99999	1	0	3_150	0		0	0	0	item_40201	600	
31097002	31097002	1	97	4	99999	99999	1	0	3_200	0		0	0	0	item_40202	600	
32001001	32001001	2	101	4	99999	99999	1	1	3_200	1	50	6	0	0	item_10505		
32003001	32003001	2	103	4	99999	99999	1	1	3_200	3	10000	3	0	0	item_10		
32004001	32004001	2	104	4	99999	99999	1	1	3_200	4	100	4	0	0	item_11		
32005001	32005001	2	105	4	99999	99999	1	1	3_200	5	100	5	0	0	item_10505		
32006001	32006001	2	106	4	99999	99999	1	1	3_200	6	32003001_1|32004001_2	2	0	0	item_10505		
32007001	32007001	2	107	4	99999	99999	1	1	3_200	7	61010101	2	0	0	item_10505		
32990001	32990001	2	106	4	99999	99999	1	0	3_200	6	31004001_999|31004002_999|31004003_999|31004004_999|31004005_999	2	0	0	icon_liwu		
32990002	32990002	2	106	4	99999	99999	1	0	3_200	6	31001011_999|31001021_999|31001031_999|31001041_999	2	0	0	icon_liwu		
32990003	32990003	2	106	4	99999	99999	1	0	3_200	6	31001012_999|31001022_999|31001032_999|31001042_999	2	0	0	icon_liwu		
32990004	32990004	2	106	4	99999	99999	1	0	3_200	6	31001013_999|31001023_999|31001033_999|31001043_999	2	0	0	icon_liwu		
32990005	32990005	2	106	4	99999	99999	1	0	3_200	6	31003011_999|31003021_999|31003031_999	2	0	0	icon_liwu		
32990006	32990006	2	106	4	99999	99999	1	0	3_200	6	31003041_999|31003042_999|31003043_999|31003044_999|31003045_999|31003046_999|31003047_999|31003048_999|31003049_999	2	0	0	icon_liwu		
32990007	32990007	2	106	4	99999	99999	1	0	3_200	3	10000	3	0	0	icon_liwu		
32990008	32990008	2	106	4	99999	99999	1	0	3_200	4	100	4	0	0	icon_liwu		
32990009	32990009	2	106	4	99999	99999	1	0	3_200	5	100	5	0	0	icon_liwu		
32990010	32990010	2	106	4	99999	99999	1	0	3_200	1	100	6	0	0	icon_liwu		
32990011	32990011	2	106	4	99999	99999	1	0	3_200	6	32990001_1|32990002_1|32990003_1|32990004_1|32990005_1	2	0	0	icon_liwu		