31100002	1	11510002	1	
31100003	1	11510003	1	
31080001	1	11508001	1	
31080002	1	11508002	1	
31080003	1	11508003	1	
31050001	1	11505001	1	
31050002	1	11505002	1	
31050003	1	11505003	1	
31140001	1	11514001	1	
31140002	1	11514002	1	
31140003	1	11514003	1	
31110001	1	11511001	1	
31110002	1	11511002	1	
31110003	1	11511003	1	
31030001	1	11503001	1	
31030002	1	11503002	1	
31030003	1	11503003	1	
31020001	1	11502001	1	
31020002	1	11502002	1	
31020003	1	11502003	1	
31130001	1	11513001	1	
31130002	1	11513002	1	
31130003	1	11513003	1	
31070001	1	11507001	1	
31070002	1	11507002	1	
31070003	1	11507003	1	
31090001	1	11509001	1	
31090002	1	11509002	1	
31090003	1	11509003	1	
31010001	1	11501001	1	
31010002	1	11501002	1	
31010003	1	11501003	1	
31120001	1	11512001	1	
31120002	1	11512002	1	
31120003	1	11512003	1	
31060001	1	11506001	1	
31060002	1	11506002	1	
31060003	1	11506003	1	
31040001	1	11504001	1	
31040002	1	11504002	1	
31040003	1	11504003	1	
31150001	1	11515001	1	
31150002	1	11515002	1	
31150003	1	11515003	1	
40001201	1	40001201	1	
40001301	1	40001201	1	
40002301	1	0	0	
40002401	1	0	0	
40003401	1	0	0	
40003501	1	0	0	
40004201	1	40002201	1	
40004301	1	40002301	1	
40004401	1	40002401	1	
40004501	1	40002501	1	
40005201	1	40003201	1	
40005301	1	40003301	1	
40005401	1	40003401	1	
40005501	1	40003501	1	
40006201	1	40004201	1	
40006301	1	40004301	1	
40006401	1	40004401	1	
40006501	1	40004501	1	
40007201	1	0	0	
40007301	1	0	0	
40007401	1	0	0	
40007501	1	0	0	
40008201	1	0	0	
40008301	1	0	0	
40008401	1	0	0	
40008501	1	0	0	
40009201	1	0	0	
40009301	1	0	0	
40009401	1	0	0	
40009501	1	0	0	
41001301	1	0	0	
41001401	1	0	0	
41001501	1	0	0	
41002301	1	0	0	
41002401	1	0	0	
41002501	1	0	0	
41003301	1	0	0	
41003401	1	0	0	
41003501	1	0	0	
41004301	1	0	0	
41004401	1	0	0	
41004501	1	0	0	
41005301	1	0	0	
41005401	1	0	0	
41005501	1	0	0	
41006301	1	0	0	
41006401	1	0	0	
41006501	1	0	0	
41007301	1	0	0	
41007401	1	0	0	
41007501	1	0	0	
42001301	1	0	0	
42001401	1	0	0	
42001501	1	0	0	
42002301	1	0	0	
42002401	1	0	0	
42002501	1	0	0	
42003301	1	0	0	
42003401	1	0	0	
42003501	1	0	0	
42004301	1	0	0	
42004401	1	0	0	
42004501	1	0	0	
42005301	1	0	0	
42005401	1	0	0	
42005501	1	0	0	
42006301	1	0	0	
42006401	1	0	0	
42006501	1	0	0	
42007301	1	0	0	
42007401	1	0	0	
42007501	1	0	0	
42008301	1	0	0	
42008401	1	0	0	
42008501	1	0	0	
42009301	1	0	0	
42009401	1	0	0	
42009501	1	0	0	
43001301	1	0	0	
43001401	1	0	0	
43001501	1	0	0	
43002401	1	0	0	
43002501	1	0	0	
43003501	1	0	0	
43004301	1	0	0	
43004401	1	0	0	
43004501	1	0	0	
43005301	1	0	0	
43005401	1	0	0	
43005501	1	0	0	
43006301	1	0	0	
43006401	1	0	0	
43006501	1	0	0	
43007301	1	0	0	
43007401	1	0	0	
43007501	1	0	0	