40302020	40302000	2	42	180	18270	0	2_31004002_40|6_80	40302020	
40302030	40302000	3	50	180	23920	0	2_31004003_25|6_100	40302030	
40302040	40302000	4	58	180	34080	0	2_31004003_30|6_120	40302040	
40304010	40304000	1	29	180	11620	61040001	6_60	40304010	
40304020	40304000	2	45	180	20550	61040002	6_80	40304020	
40304030	40304000	3	53	180	28870	61040003	6_100	40304030	
40304040	40304000	4	59	180	36300	61040004	6_120	40304040	
40301010	40301000	1	34	180	14590	0	3_30000|6_60	40301010	
40301020	40301000	2	46	180	20900	0	3_60000|6_80	40301020	
40301030	40301000	3	54	180	30380	0	3_90000|6_100	40301030	
40301040	40301000	4	61	180	43350	0	3_110000|6_120	40301040	
40303010	40303000	1	38	180	15690	0	2_31003012_2|2_31003022_2|2_31003032_2|6_60	40303010	
40303020	40303000	2	48	180	22850	0	2_31003012_4|2_31003022_4|2_31003032_4|6_80	40303020	
40303030	40303000	3	56	180	32230	0	2_31003013_1|2_31003023_1|2_31003033_1|6_100	40303030	
40303040	40303000	4	62	180	47450	0	2_31003013_2|2_31003023_2|2_31003033_2|6_120	40303040	