50501002	1	2	2_31001011_5	1	2_31001011_5	
50501003	1	3	2_31001021_5	-1		
50501004	1	4	2_31001031_5	2	2_31001031_5	
50501005	1	5	2_31001041_3	-1		
50501006	1	6	4_10	3	4_10	
50501007	1	7	4_10	-1		
50501008	1	8	3_18888	4	3_18888	
50501009	1	9	2_31003011_2	-1		
50501010	1	10	2_31003021_2	5	2_31003021_2	
50501011	1	11	2_31003031_2	-1		
50501012	1	12	2_31003042_1	6	2_31003042_1	
50501013	1	13	4_10	-1		
50501014	1	14	4_10	7	4_10	
50501015	1	15	3_28888	-1		
50501016	1	16	2_31001012_2	8	2_31001012_2	
50501017	1	17	2_31001022_2	-1		
50501018	1	18	2_31001032_2	9	2_31001032_2	
50501019	1	19	2_31001042_1	-1		
50501020	1	20	4_10	10	4_10	
50501021	1	21	4_10	-1		
50501022	1	22	3_38888	11	3_38888	
50501023	1	23	2_31003012_2	-1		
50501024	1	24	2_31003022_2	-1		
50501025	1	25	2_31003032_2	-1		
50501026	1	26	2_31003043_1	-1		
50501027	1	27	4_10	-1		
50501028	1	28	4_10	-1		
50502001	2	1	3_8888	-1		
50502002	2	2	2_31001011_5	1	2_31001011_5	
50502003	2	3	2_31001021_5	-1		
50502004	2	4	2_31001031_5	2	2_31001031_5	
50502005	2	5	2_31001041_3	-1		
50502006	2	6	4_10	3	4_10	
50502007	2	7	4_10	-1		
50502008	2	8	3_18888	4	3_18888	
50502009	2	9	2_31003011_2	-1		
50502010	2	10	2_31003021_2	5	2_31003021_2	
50502011	2	11	2_31003031_2	-1		
50502012	2	12	2_31003042_1	6	2_31003042_1	
50502013	2	13	4_10	-1		
50502014	2	14	4_10	7	4_10	
50502015	2	15	3_28888	-1		
50502016	2	16	2_31001012_2	8	2_31001012_2	
50502017	2	17	2_31001022_2	-1		
50502018	2	18	2_31001032_2	9	2_31001032_2	
50502019	2	19	2_31001042_1	-1		
50502020	2	20	4_10	10	4_10	
50502021	2	21	4_10	-1		
50502022	2	22	3_38888	11	3_38888	
50502023	2	23	2_31003012_2	-1		
50502024	2	24	2_31003022_2	-1		
50502025	2	25	2_31003032_2	-1		
50502026	2	26	2_31003043_1	-1		
50502027	2	27	4_10	-1		
50502028	2	28	4_10	-1		