1	50	20	2000	30	1	1	1	0	2	1	1	0	1	1	4	10	10	10	10	10	10	2_31002006_5	
2	150	30	2000	30	1	2	2	0	3	1	1	0	1	1	5	15	15	15	15	15	15	2_31002006_5|2_31001011_5|2_31001021_5|2_31005001_30	
3	300	40	2000	30	1	3	3	1	3	1	1	0	1	1	6	20	20	20	20	20	20	2_31002006_10|2_31001011_10|2_31001021_10|2_31005001_30	
4	500	50	2000	30	1	4	4	1	4	1	1	0	1	2	7	25	25	25	25	25	25	2_31002006_10|2_31001012_10|2_31001022_10|2_31001032_10	
5	1000	60	2000	30	1	5	5	1	4	1	1	0	1	2	8	30	30	30	30	30	30	2_31002006_15|2_31001012_20|2_31001022_20|2_31005001_30	
6	2000	70	2000	30	1	6	6	1	5	2	1	0	1	2	9	35	35	35	35	35	35	2_31002006_15|2_31001012_30|2_31001022_30|2_31001032_30	
7	3000	80	2000	30	1	7	7	1	5	2	2	1	1	2	10	40	40	40	40	40	40	2_31002006_20|2_31001012_40|2_31001022_40|2_31005001_30	
8	5000	90	2000	30	1	8	8	1	6	2	2	1	1	3	11	45	45	45	45	45	45	2_31002006_20|2_31001012_50|2_31001022_50|2_31001032_50	
9	7000	100	2000	30	1	9	9	1	6	2	2	1	1	3	12	50	50	50	50	50	50	2_31002006_25|2_31001013_5|2_31001023_5|2_31005001_30	
10	10000	110	2000	30	1	10	10	1	7	3	2	1	1	3	13	55	55	55	55	55	55	2_31002006_25|2_31001013_10|2_31001023_10|2_31001033_10	
11	15000	120	2000	30	1	11	11	1	7	3	2	1	1	3	14	60	60	60	60	60	60	2_31002006_30|2_31001013_20|2_31001023_20|2_31005001_30	
12	20000	130	2000	30	1	12	12	1	8	3	2	1	1	3	15	65	65	65	65	65	65	2_31002006_30|2_31001013_40|2_31001023_40|2_31001033_40	
13	40000	140	2000	30	1	13	13	1	8	3	2	1	1	3	16	70	70	70	70	70	70	2_31002006_30|2_31001013_60|2_31001023_60|2_31005001_30	
14	80000	150	2000	30	1	14	14	1	9	3	2	1	1	3	17	75	75	75	75	75	75	2_31002006_35|2_31001013_80|2_31001023_80|2_31001033_80	
15	150000	160	2000	30	1	15	15	1	9	3	2	1	1	3	18	80	80	80	80	80	80	2_31002006_35|2_31001013_100|2_31001023_100|2_31005001_30	